2 0.47265625 0.3328125 0.046875 0.028125
2 0.434375 0.27421875 0.0375 0.021875
2 0.21875 0.325 0.04375 0.0296875
2 0.15390625 0.3953125 0.040625 0.025
2 0.33046875 0.49609375 0.0484375 0.0296875
2 0.37734375 0.49296875 0.0375 0.025
2 0.51328125 0.528125 0.0265625 0.021875
2 0.66328125 0.6015625 0.028125 0.0265625
2 0.74765625 0.61484375 0.0328125 0.0203125
2 0.75546875 0.565625 0.03125 0.028125
2 0.796875 0.5578125 0.0453125 0.03125
2 0.73125 0.390625 0.0421875 0.0234375
2 0.60859375 0.434375 0.0359375 0.021875
2 0.47421875 0.4046875 0.034375 0.028125
2 0.103125 0.340625 0.0375 0.0296875
2 0.05078125 0.52421875 0.0328125 0.0234375
2 0.06796875 0.3171875 0.0484375 0.021875
2 0.053125 0.2921875 0.0328125 0.025
2 0.11875 0.23515625 0.0484375 0.0359375
2 0.32265625 0.3 0.034375 0.021875
2 0.4140625 0.2546875 0.0421875 0.0265625
2 0.24296875 0.16015625 0.0421875 0.0265625
2 0.14921875 0.140625 0.0453125 0.025
2 0.24296875 0.1328125 0.0453125 0.0296875
2 0.53671875 0.11953125 0.0359375 0.025
2 0.66640625 0.2171875 0.03125 0.0234375
2 0.753125 0.325 0.0390625 0.0265625
2 0.784375 0.46328125 0.0375 0.0296875
2 0.55859375 0.2109375 0.0375 0.0265625
2 0.97421875 0.5125 0.028125 0.0203125
2 0.81875 0.4546875 0.0484375 0.028125
2 0.7328125 0.34921875 0.028125 0.025
2 0.278125 0.20859375 0.0359375 0.028125