2 0.45 0.27578125 0.0390625 0.065625
2 0.3390625 0.315625 0.0609375 0.0578125
2 0.56015625 0.1453125 0.0625 0.06875
2 0.58515625 0.18359375 0.05 0.065625
2 0.67265625 0.28515625 0.0421875 0.0625
2 0.7640625 0.33359375 0.0484375 0.078125
2 0.4328125 0.528125 0.0453125 0.0546875
2 0.3484375 0.48046875 0.04375 0.053125
2 0.2203125 0.4140625 0.0390625 0.0546875
2 0.16875 0.87890625 0.065625 0.0875
2 0.025 0.91875 0.046875 0.0765625
2 0.071875 0.71015625 0.059375 0.078125
2 0.27890625 0.78203125 0.053125 0.06875
2 0.359375 0.5609375 0.04375 0.071875
2 0.3296875 0.52109375 0.046875 0.0671875
2 0.4125 0.5765625 0.046875 0.059375
2 0.4703125 0.56484375 0.05625 0.0703125
2 0.75 0.48359375 0.034375 0.059375
2 0.76953125 0.4046875 0.0484375 0.053125
2 0.6859375 0.48828125 0.04375 0.05625
2 0.61328125 0.52265625 0.04375 0.0546875
2 0.60234375 0.4734375 0.040625 0.059375
2 0.9421875 0.80625 0.059375 0.0671875
2 0.4796875 0.65703125 0.0515625 0.0671875
2 0.459375 0.40234375 0.0390625 0.0515625
2 0.4546875 0.35078125 0.04375 0.0578125