2 0.60390625 0.390625 0.0546875 0.0515625
2 0.56328125 0.35234375 0.0625 0.0453125
2 0.56640625 0.31171875 0.053125 0.0515625
2 0.55546875 0.26640625 0.0484375 0.0515625
2 0.43671875 0.35390625 0.0484375 0.0359375
2 0.490625 0.4109375 0.040625 0.046875
2 0.5359375 0.478125 0.0390625 0.0515625
2 0.65390625 0.53671875 0.046875 0.046875
2 0.66640625 0.4375 0.071875 0.06875
2 0.70390625 0.57578125 0.06875 0.065625
2 0.8015625 0.5390625 0.0609375 0.0359375
2 0.74140625 0.41328125 0.0453125 0.05625
2 0.6578125 0.3578125 0.0484375 0.0484375
2 0.515625 0.528125 0.04375 0.0515625
2 0.4765625 0.515625 0.053125 0.0609375
2 0.44765625 0.44140625 0.053125 0.0484375
2 0.3828125 0.40625 0.0484375 0.0515625
2 0.38828125 0.6359375 0.0546875 0.0515625
2 0.42265625 0.7 0.0625 0.0515625
2 0.484375 0.6703125 0.0640625 0.0609375
2 0.5921875 0.74921875 0.05625 0.046875
2 0.6609375 0.64609375 0.0546875 0.0515625
2 0.784375 0.80078125 0.0515625 0.059375
2 0.8453125 0.7640625 0.0609375 0.0546875
2 0.78828125 0.8765625 0.0625 0.0640625
2 0.465625 0.784375 0.0671875 0.059375
2 0.3125 0.69765625 0.059375 0.046875
2 0.38984375 0.471875 0.059375 0.05625
2 0.32890625 0.5921875 0.0671875 0.04375
2 0.29921875 0.64765625 0.053125 0.046875
2 0.321875 0.7640625 0.0671875 0.06875
2 0.3609375 0.85078125 0.0515625 0.046875
2 0.475 0.853125 0.0515625 0.0484375
2 0.56015625 0.8671875 0.065625 0.0546875
2 0.6640625 0.89921875 0.0609375 0.0515625
2 0.63671875 0.78359375 0.0703125 0.0515625
2 0.1953125 0.58828125 0.053125 0.0484375
2 0.36640625 0.9625 0.0671875 0.071875
2 0.5640625 0.5625 0.059375 0.0609375
2 0.30234375 0.53984375 0.0515625 0.046875
2 0.2671875 0.50703125 0.0484375 0.0453125
2 0.446875 0.9078125 0.059375 0.0546875
2 0.73359375 0.934375 0.0546875 0.0484375
2 0.85546875 0.97578125 0.0578125 0.04375