2 0.38433703124999996 0.625103534375 0.356385246875 0.6238330000000001 0.326527659375 0.65305531875 0.31509283906249996 0.719123171875 0.32462185625 0.7775678109374999 0.343044621875 0.8169544171875 0.36909060312499997 0.8296597734375 0.3925955125 0.8169544171875 0.40847720781249997 0.7737562046875001 0.41419461875 0.72547585 0.40911247656249994 0.67084281875 0.40275979843750004 0.6378088921875 0.38433703124999996 0.625103534375
2 0.52265625 0.83671875 0.125 0.265625
2 0.29609375 0.1203125 0.125 0.2390625
2 0.79296875 0.27421875 0.1171875 0.2390625
2 0.3625 0.459375 0.1234375 0.221875
2 0.34495042656249997 0.18295713125 0.3252571234375 0.21726159531250003 0.31128123125 0.24775445000000001 0.3081048921875 0.2833294484375 0.31509283906249996 0.32906873124999997 0.334786140625 0.37226694375 0.3595615859375 0.386242834375 0.3849722984375 0.3748080140625 0.4103830109375 0.3379624796875 0.4218178328125 0.27951784218750003 0.421182565625 0.22869641562499998 0.41355935156249995 0.189309809375 0.390689709375 0.15119374218749998 0.3748080140625 0.13975892031249998 0.3576557828125 0.138488384375 0.34495042656249997 0.18295713125
2 0.7699445984375 0.60223389375 0.7546981703125 0.5946106796875 0.7419928140625001 0.595881215625 0.7229347796875001 0.60985710625 0.7089588874999999 0.6479731765625 0.7089588874999999 0.7026062078125 0.7229347796875001 0.7508865640625 0.7458044203124999 0.7864615609375 0.7699445984375 0.79027316875 0.796625846875 0.7712151328125 0.8080606671874999 0.735640134375 0.8099664703125 0.7089588859375 0.808695934375 0.67973656875 0.7978963828125 0.6441615703125 0.78582629375 0.621291928125 0.7699445984375 0.60223389375
2 0.403395065625 0.9567133359375 0.3856075671875 0.9249499468750001 0.360832121875 0.9198678031249999 0.33923301562499997 0.93511423125 0.32144551718750003 0.963066015625 0.313187034375 0.9986410140625 0.412288815625 1 0.412288815625 0.98593565625 0.403395065625 0.9567133359375
2 0.1626285609375 0.84109459375 0.1632638296875 0.8982686984375 0.168345971875 0.9452785171875 0.188039275 0.9643365515625 0.21535579062500002 0.9643365515625 0.2318727546875 0.9401963734375001 0.2464839140625 0.907162446875 0.25410712812499997 0.87539905625 0.2464839140625 0.822036559375 0.23441382656249998 0.787732096875 0.2178968625 0.7724856703125 0.1950272203125 0.7826499546875 0.177874990625 0.802978525 0.1626285609375 0.84109459375
2 0.84375 0.49296875 0.121875 0.2171875
2 0.515202203125 0 0.501226309375 0.0266812484375 0.505673184375 0.0775026734375 0.5202843453125 0.1054544578125 0.545059790625 0.0940196359375 0.57237630625 0.0914785671875 0.5876227328125 0.0673383890625 0.5946106796875 0.043198210937499995 0.5946106796875 0 0.515202203125 0
2 0.8207660234375 0.0940196359375 0.801072721875 0.1041839234375 0.788367365625 0.134676778125 0.7870968296874999 0.1562758828125 0.808695934375 0.1638990984375 0.8271187015624999 0.179145525 0.8404593265625 0.20836784531250002 0.8468120046875001 0.249024984375 0.860152628125 0.2591892703125 0.868411109375 0.22996695156250002 0.8734932531249999 0.18422766875000002 0.8652347703125001 0.14102945625000002 0.8506236109374999 0.10672499375 0.8207660234375 0.0940196359375
2 0.9592544078125 0.207097309375 0.9427374453124999 0.1740633828125 0.9166914640625 0.1524642765625 0.8893749484375 0.1575464203125 0.87362030625 0.194391953125 0.86205843125 0.2528365921875 0.860152628125 0.2757062328125 0.868411109375 0.310010696875 0.8836575375000001 0.3468562296875 0.898903965625 0.360832121875 0.928126284375 0.37099640625 0.9490901234375 0.3493973015625 0.966877621875 0.31255176875 0.96941869375 0.250295521875 0.9592544078125 0.207097309375
2 0.6617664125 0.76318375625 0.6442555046875 0.7267026984375 0.621637246875 0.7179472437500001 0.59610050625 0.7223249703125 0.56983414375 0.752969059375 0.5807784609375 0.78361315 0.5844265671875 0.8303089046875 0.5742118703125 0.9003525390625 0.5815080828125 0.9149449640625 0.5982893703125 0.9295373859374999 0.6245557328125 0.9382928406250001 0.649362853125 0.917863446875 0.6690626234375 0.8813823890625001 0.6712514875 0.8244719359375001 0.6617664125 0.76318375625
2 0.9609110968750001 0.8872193578124999 0.92807814375 0.8740861765625001 0.9076487515625 0.885760115625 0.8996229187499999 0.90910799375 0.895245190625 0.9368335984374999 0.893056328125 0.9689369296875 0.912026478125 0.977692384375 0.9200523109375001 0.998121778125 0.9827997328125001 1 0.987177459375 0.977692384375 0.9820701109375 0.9339151140625 0.9791516265625001 0.912026478125 0.9609110968750001 0.8872193578124999
2 0 0.6483333328125 0.0166666671875 0.6583333328125 0.031666667187500004 0.6833333328125 0.0391666671875 0.6783333328125 0.05 0.6416666671875 0.054166667187499996 0.6166666671875001 0.055833332812500004 0.5833333328125 0.0516666671875 0.5533333328125 0.0441666671875 0.53 0.03 0.5166666671875 0.0166666671875 0.515 0 0.5366666671875 0 0.6483333328125
2 0.015 0.1783333328125 0.0058333328125 0.1933333328125 0.0016666671875 0.21000000000000002 0.0008333328124999999 0.2416666671875 0.0033333328125 0.2683333328125 0.0158333328125 0.275 0.025 0.2766666671875 0.0375 0.275 0.045 0.26 0.0533333328125 0.2316666671875 0.0533333328125 0.215 0.0491666671875 0.1933333328125 0.0416666671875 0.16999999999999998 0.0333333328125 0.1633333328125 0.0216666671875 0.16833333281250001 0.015 0.1783333328125
2 0.048333332812500004 1 0.0616666671875 0.9783333328125 0.0658333328125 0.9566666671874999 0.06833333281250001 0.9166666671874999 0.06 0.8966666671875 0.0466666671875 0.8883333328124999 0.03 0.885 0.0258333328125 0.93 0.013333332812500001 0.9483333328124999 0.0066666671875 0.9633333328125 0.0125 0.9966666671875 0.0333333328125 1 0.048333332812500004 1
2 0.205047728125 0.31264703125 0.1935434 0.2950521765625 0.1732416453125 0.2950521765625 0.158353690625 0.323474634375 0.1515864390625 0.347836740625 0.157000240625 0.4060351046875 0.17256492031249998 0.43175066093750003 0.1942201265625 0.44663861718750003 0.2077546296875 0.44934551718750004 0.21790550625 0.43175066093750003 0.22196585781249997 0.40738855625000003 0.2226425828125 0.38573335000000003 0.21722878125 0.34919019218749997 0.205047728125 0.31264703125