2 0.4515625 0.36484375 0.0515625 0.0703125
2 0.49921875 0.51640625 0.0453125 0.053125
2 0.5140625 0.6359375 0.0390625 0.05
2 0.3953125 0.584375 0.0328125 0.0421875
2 0.39140625 0.6359375 0.0328125 0.0390625
2 0.4296875 0.6359375 0.0296875 0.0390625
2 0.39609375 0.671875 0.03125 0.0390625
2 0.421875 0.70078125 0.03125 0.0390625
2 0.4640625 0.79296875 0.0421875 0.05
2 0.5046875 0.80703125 0.0375 0.0375
2 0.4796875 0.83671875 0.0390625 0.0390625
2 0.51328125 0.940625 0.0375 0.053125
2 0.60859375 0.51953125 0.0515625 0.065625
2 0.80390625 0.7203125 0.0359375 0.0421875
2 0.7828125 0.584375 0.05 0.0546875
2 0.77890625 0.52578125 0.053125 0.0578125
2 0.6296875 0.33515625 0.03125 0.05
2 0.321875 0.44375 0.03125 0.040625