2 0.05390625 0.659375 0.0078125 0.009375
2 0.0328125 0.71484375 0.0078125 0.0109375
2 0.03671875 0.684375 0.0078125 0.0109375
2 0.0953125 0.67109375 0.00625 0.0078125
2 0.10703125 0.67421875 0.0046875 0.00625
2 0.16484375 0.6125 0.0109375 0.015625
2 0.22734375 0.85859375 0.0140625 0.015625
2 0.17890625 0.8734375 0.009375 0.0109375
2 0.23046875 0.81640625 0.0125 0.0171875
2 0.22890625 0.8 0.009375 0.0125
2 0.253125 0.80546875 0.0078125 0.0140625
2 0.2703125 0.78203125 0.0109375 0.015625
2 0.259375 0.8109375 0.0125 0.015625
2 0.26796875 0.8296875 0.015625 0.021875
2 0.253125 0.75390625 0.0078125 0.0109375
2 0.28203125 0.81953125 0.0140625 0.021875
2 0.321875 0.9140625 0.0140625 0.01875
2 0.31171875 0.84921875 0.0140625 0.021875
2 0.30078125 0.84296875 0.0109375 0.0171875
2 0.321875 0.828125 0.015625 0.021875
2 0.31484375 0.7984375 0.0078125 0.0125
2 0.28984375 0.70390625 0.0109375 0.015625
2 0.24609375 0.5421875 0.0140625 0.0171875
2 0.3203125 0.61875 0.0125 0.01875
2 0.33671875 0.646875 0.015625 0.0265625
2 0.2546875 0.50703125 0.0171875 0.021875
2 0.20546875 0.41328125 0.009375 0.0140625
2 0.2015625 0.4359375 0.0109375 0.0125
2 0.16640625 0.35390625 0.009375 0.0125
2 0.2375 0.31875 0.0125 0.015625
2 0.25859375 0.31328125 0.0125 0.0140625
2 0.26171875 0.3265625 0.0109375 0.0125
2 0.24609375 0.41015625 0.009375 0.015625
2 0.2609375 0.43671875 0.0125 0.015625
2 0.2796875 0.44375 0.0140625 0.015625
2 0.28515625 0.4375 0.0140625 0.0140625
2 0.35234375 0.440625 0.0171875 0.0234375
2 0.4296875 0.8265625 0.0140625 0.021875
2 0.440625 0.8359375 0.0171875 0.021875
2 0.40625 0.78125 0.01875 0.025
2 0.45390625 0.75078125 0.01875 0.025
2 0.4703125 0.746875 0.01875 0.0234375
2 0.46328125 0.71796875 0.0171875 0.0234375
2 0.4140625 0.67890625 0.015625 0.01875
2 0.42109375 0.66484375 0.01875 0.0203125
2 0.44609375 0.5953125 0.0203125 0.0234375
2 0.42109375 0.5390625 0.015625 0.0203125
2 0.3671875 0.4453125 0.0140625 0.0203125
2 0.3984375 0.46640625 0.015625 0.021875
2 0.43203125 0.471875 0.015625 0.021875
2 0.41484375 0.37265625 0.015625 0.0203125
2 0.4484375 0.471875 0.015625 0.025
2 0.46015625 0.2390625 0.0140625 0.0171875
2 0.47109375 0.18671875 0.0125 0.0171875
2 0.465625 0.23046875 0.0125 0.015625
2 0.50703125 0.25390625 0.0125 0.015625
2 0.4546875 0.19921875 0.0125 0.0171875
2 0.45859375 0.38984375 0.01875 0.0234375
2 0.45859375 0.4296875 0.0171875 0.0203125
2 0.459375 0.40859375 0.0171875 0.0171875
2 0.47265625 0.4515625 0.0203125 0.025
2 0.4921875 0.5234375 0.0140625 0.0234375
2 0.4703125 0.6265625 0.01875 0.028125
2 0.4953125 0.6890625 0.01875 0.0203125
2 0.5140625 0.63515625 0.015625 0.0265625
2 0.4859375 0.6328125 0.0125 0.01875
2 0.53984375 0.58359375 0.0203125 0.021875
2 0.534375 0.83046875 0.0125 0.021875
2 0.546875 0.45 0.0203125 0.025
2 0.56875 0.42421875 0.0125 0.015625
2 0.5421875 0.53359375 0.01875 0.028125
2 0.55625 0.55703125 0.01875 0.0234375
2 0.55234375 0.53984375 0.0203125 0.021875
2 0.5625 0.59140625 0.01875 0.025
2 0.58046875 0.66796875 0.0109375 0.0125
2 0.61328125 0.7796875 0.015625 0.01875
2 0.6375 0.8609375 0.0140625 0.021875
2 0.64921875 0.85703125 0.01875 0.0234375
2 0.640625 0.65859375 0.009375 0.0171875
2 0.67265625 0.64609375 0.0078125 0.01875
2 0.68828125 0.65390625 0.015625 0.0171875
2 0.684375 0.67578125 0.015625 0.0203125
2 0.62578125 0.45 0.0109375 0.015625
2 0.63359375 0.41796875 0.009375 0.015625
2 0.590625 0.2765625 0.0140625 0.0203125
2 0.6125 0.30390625 0.0203125 0.0234375
2 0.61796875 0.25859375 0.0140625 0.01875
2 0.6640625 0.2234375 0.015625 0.0234375
2 0.6703125 0.24609375 0.0125 0.0171875
2 0.65 0.26796875 0.015625 0.0171875
2 0.6890625 0.2890625 0.015625 0.0234375
2 0.7140625 0.2796875 0.0125 0.0203125
2 0.7203125 0.2703125 0.0109375 0.0140625
2 0.7578125 0.31484375 0.0125 0.021875
2 0.6859375 0.38671875 0.0140625 0.0203125
2 0.71171875 0.421875 0.0125 0.0171875
2 0.709375 0.4390625 0.021875 0.021875
2 0.7296875 0.52578125 0.0125 0.0234375
2 0.72421875 0.68203125 0.0140625 0.01875
2 0.69375 0.83984375 0.015625 0.025
2 0.70078125 0.884375 0.0125 0.021875
2 0.70859375 0.8515625 0.01875 0.0234375
2 0.71484375 0.8703125 0.0140625 0.0171875
2 0.8390625 0.81953125 0.0171875 0.01875
2 0.8390625 0.74453125 0.015625 0.01875
2 0.76484375 0.65703125 0.0140625 0.0171875
2 0.80390625 0.6390625 0.015625 0.021875
2 0.803125 0.66640625 0.0140625 0.0171875
2 0.79296875 0.6484375 0.0125 0.0171875
2 0.8203125 0.625 0.009375 0.0125
2 0.87265625 0.684375 0.015625 0.0203125
2 0.84296875 0.55625 0.0109375 0.015625
2 0.76171875 0.47265625 0.0125 0.01875
2 0.775 0.47578125 0.0125 0.015625
2 0.77265625 0.45078125 0.015625 0.0234375
2 0.78671875 0.40546875 0.015625 0.01875
2 0.78984375 0.33671875 0.0140625 0.01875