2 0.9703125 0.31640625 0.0265625 0.0234375
2 0.909375 0.15859375 0.028125 0.025
2 0.88515625 0.11328125 0.0203125 0.0265625
2 0.4453125 0.90625 0.015625 0.015625
2 0.02421875 0.7171875 0.01875 0.01875
2 0.98984375 0.03984375 0.0203125 0.028125
2 0.26015625 0.96953125 0.015625 0.021875
2 0.07578125 0.3359375 0.025 0.021875
2 0.38046875 0.40546875 0.015625 0.015625
2 0.3859375 0.97265625 0.0203125 0.0265625
2 0.0203125 0.7671875 0.0203125 0.0203125
2 0.9828125 0.50703125 0.0203125 0.025
2 0.3953125 0.828125 0.015625 0.015625
2 0.27109375 0.5390625 0.015625 0.021875
2 0.79765625 0.51484375 0.0203125 0.0203125
2 0.7390625 0.23046875 0.015625 0.01875
2 0.04296875 0.92734375 0.0203125 0.0203125
2 0.27421875 0.87421875 0.0140625 0.015625
2 0.228125 0.96875 0.015625 0.0140625
2 0.11875 0.15625 0.0203125 0.0203125
2 0.22734375 0.93671875 0.015625 0.01875
2 0.7859375 0.25859375 0.01875 0.0203125
2 0.27421875 0.45546875 0.015625 0.0203125
2 0.19765625 0.99296875 0.0171875 0.0140625
2 0.93359375 0.0609375 0.0234375 0.021875
2 0.9546875 0.85 0.021875 0.021875
2 0.71328125 0.3265625 0.0171875 0.0171875
2 0.9625 0.52109375 0.01875 0.025
2 0.39453125 0.6203125 0.0109375 0.0125
2 0.32421875 0.82578125 0.0171875 0.0171875
2 0.11484375 0.56328125 0.0171875 0.0171875
2 0.32890625 0.76328125 0.0140625 0.0125
2 0.87890625 0.7796875 0.0203125 0.01875
2 0.1796875 0.68671875 0.0171875 0.015625
2 0.3515625 0.9921875 0.015625 0.015625
2 0.9921875 0.48359375 0.015625 0.0234375
2 0.05 0.30625 0.0171875 0.01875
2 0.55 0.7796875 0.0203125 0.015625
2 0.7515625 0.32578125 0.01875 0.0234375
2 0.40078125 0.9078125 0.0140625 0.0140625
2 0.315625 0.9203125 0.0140625 0.0140625
2 0.13359375 0.35703125 0.0171875 0.0171875
2 0.30078125 0.74765625 0.015625 0.0171875
2 0.60546875 0.98125 0.01875 0.01875
2 0.1765625 0.43359375 0.01875 0.0140625
2 0.7171875 0.475 0.01875 0.01875
2 0.2109375 0.55859375 0.0140625 0.0140625
2 0.1625 0.81953125 0.015625 0.0171875
2 0.7265625 0.5171875 0.015625 0.015625
2 0.29609375 0.934375 0.015625 0.0171875
2 0.11640625 0.7859375 0.015625 0.01875
2 0.4140625 0.965625 0.0171875 0.0203125
2 0.10234375 0.37578125 0.0234375 0.0203125
2 0.14296875 0.39609375 0.015625 0.015625
2 0.11953125 0.8765625 0.0171875 0.01875
2 0.65703125 0.759375 0.0125 0.0125
2 0.23046875 0.86875 0.0109375 0.0140625
2 0.409375 0.5328125 0.0140625 0.0140625
2 0.21640625 0.525 0.0140625 0.0125
2 0.36171875 0.6171875 0.0140625 0.0125
2 0.40625 0.7203125 0.0125 0.0125
2 0.26015625 0.09140625 0.0140625 0.015625
2 0.275 0.57421875 0.015625 0.0171875
2 0.4 0.48515625 0.015625 0.0140625
2 0.69140625 0.86171875 0.015625 0.015625
2 0.35625 0.421875 0.0125 0.0140625
2 0.14453125 0.365625 0.0203125 0.021875
2 0.34765625 0.29140625 0.0140625 0.015625
2 0.76484375 0.6921875 0.0171875 0.015625
2 0.20703125 0.18203125 0.015625 0.015625
2 0.44140625 0.54375 0.0109375 0.0125
2 0.16328125 0.32890625 0.015625 0.01875
2 0.01328125 0.20390625 0.0171875 0.0171875
2 0.44140625 0.30703125 0.0140625 0.015625
2 0.290625 0.809375 0.01875 0.0140625
2 0.13046875 0.3046875 0.0140625 0.015625
2 0.18984375 0.8296875 0.0109375 0.0125
2 0.0578125 0.94375 0.01875 0.021875
2 0.43828125 0.65 0.009375 0.0125
2 0.3 0.8109375 0.015625 0.0140625
2 0.28203125 0.5796875 0.015625 0.015625
2 0.78046875 0.6953125 0.0171875 0.015625
2 0.42734375 0.62265625 0.015625 0.0171875
2 0.2828125 0.10234375 0.015625 0.0171875
2 0.14296875 0.24375 0.0140625 0.015625
2 0.78359375 0.28671875 0.0171875 0.015625
2 0.465625 0.384375 0.0140625 0.0125
2 0.18671875 0.4296875 0.021875 0.0171875
2 0.75546875 0.134375 0.015625 0.01875