2 0.003125 0.3296875 0.00625 0.009375
2 0.03359375 0.38203125 0.0109375 0.0140625
2 0.040625 0.39375 0.0109375 0.0109375
2 0.04375 0.37890625 0.0078125 0.0125
2 0.04921875 0.384375 0.0109375 0.0109375
2 0.0546875 0.3953125 0.0109375 0.0125
2 0.07578125 0.3703125 0.0078125 0.009375
2 0.0015625 0.5 0.003125 0.009375
2 0.03671875 0.51640625 0.0078125 0.0078125
2 0.01796875 0.4578125 0.0078125 0.0109375
2 0.02578125 0.45546875 0.009375 0.0109375
2 0.04453125 0.4796875 0.0078125 0.0109375
2 0.04921875 0.46796875 0.009375 0.0109375
2 0.06171875 0.471875 0.009375 0.009375
2 0.07578125 0.465625 0.0109375 0.0140625
2 0.08515625 0.46328125 0.0109375 0.0125
2 0.13046875 0.47421875 0.00625 0.009375
2 0.15703125 0.5296875 0.00625 0.0109375
2 0.16171875 0.53203125 0.00625 0.0078125
2 0.0234375 0.59765625 0.00625 0.0078125
2 0.05 0.59140625 0.00625 0.0078125
2 0.04375 0.5984375 0.00625 0.0078125
2 0.04453125 0.61328125 0.0046875 0.00625
2 0.053125 0.6265625 0.009375 0.009375
2 0.0578125 0.60703125 0.009375 0.0109375
2 0.05546875 0.53515625 0.00625 0.009375
2 0.053125 0.54453125 0.00625 0.0078125
2 0.103125 0.5765625 0.00625 0.009375
2 0.13046875 0.24765625 0.009375 0.0109375
2 0.11796875 0.28984375 0.0109375 0.0109375
2 0.12421875 0.28046875 0.0046875 0.0078125
2 0.1296875 0.32109375 0.009375 0.0109375