2 0.034375 0.45390625 0.0109375 0.009375
2 0.021875 0.52890625 0.009375 0.0109375
2 0.040625 0.44765625 0.0078125 0.009375
2 0.03359375 0.509375 0.009375 0.0109375
2 0.0265625 0.51484375 0.00625 0.0078125
2 0.06171875 0.53515625 0.0078125 0.009375
2 0.04921875 0.55390625 0.009375 0.009375
2 0.06875 0.50546875 0.0109375 0.0109375
2 0.07734375 0.5 0.0078125 0.009375
2 0.0984375 0.47578125 0.0109375 0.0109375
2 0.13359375 0.47734375 0.009375 0.009375
2 0.1375 0.49296875 0.009375 0.009375
2 0.15234375 0.49921875 0.0109375 0.0109375
2 0.05703125 0.69609375 0.009375 0.0125
2 0.06796875 0.6875 0.0109375 0.0109375
2 0.05390625 0.59921875 0.009375 0.0125
2 0.090625 0.60234375 0.0078125 0.0109375
2 0.1125 0.73203125 0.009375 0.0109375
2 0.040625 0.83828125 0.0109375 0.0109375
2 0.115625 0.909375 0.0125 0.0171875
2 0.0171875 0.99296875 0.01875 0.0140625
2 0.22734375 0.90625 0.015625 0.021875
2 0.21640625 0.4234375 0.015625 0.0171875
2 0.22578125 0.43828125 0.0140625 0.0125
2 0.184375 0.55703125 0.009375 0.009375
2 0.26328125 0.76953125 0.0078125 0.009375
2 0.27890625 0.7359375 0.0140625 0.01875
2 0.27890625 0.64140625 0.015625 0.0203125
2 0.2828125 0.65234375 0.0140625 0.0171875
2 0.3 0.715625 0.0078125 0.015625
2 0.253125 0.55703125 0.01875 0.0203125
2 0.28203125 0.51875 0.015625 0.0203125
2 0.2796875 0.540625 0.015625 0.0203125
2 0.26640625 0.54609375 0.015625 0.0171875
2 0.3015625 0.4171875 0.015625 0.0203125
2 0.27578125 0.44453125 0.009375 0.0109375
2 0.30390625 0.4546875 0.0140625 0.0140625
2 0.25625 0.46875 0.0140625 0.015625
2 0.23359375 0.4890625 0.009375 0.00625
2 0.33515625 0.38984375 0.015625 0.021875
2 0.2984375 0.58203125 0.0109375 0.015625
2 0.3234375 0.78984375 0.0125 0.015625
2 0.33203125 0.78203125 0.0109375 0.015625
2 0.29765625 0.7828125 0.0125 0.0125
2 0.43984375 0.86953125 0.015625 0.021875
2 0.42578125 0.85234375 0.0109375 0.01875
2 0.36484375 0.846875 0.009375 0.0140625
2 0.38984375 0.78125 0.0125 0.0171875
2 0.41015625 0.7765625 0.015625 0.0203125
2 0.521875 0.9015625 0.0234375 0.025
2 0.5140625 0.8515625 0.01875 0.021875
2 0.44453125 0.68671875 0.0140625 0.0203125
2 0.51015625 0.70390625 0.0171875 0.01875
2 0.440625 0.665625 0.0171875 0.0203125
2 0.453125 0.646875 0.0171875 0.0203125
2 0.428125 0.653125 0.009375 0.0203125
2 0.403125 0.4609375 0.0140625 0.015625
2 0.4234375 0.428125 0.0125 0.0171875
2 0.45703125 0.446875 0.0140625 0.025
2 0.44375 0.43203125 0.0109375 0.0125
2 0.43359375 0.3953125 0.015625 0.021875
2 0.40625 0.321875 0.01875 0.0234375
2 0.38828125 0.30390625 0.0140625 0.015625
2 0.41328125 0.265625 0.0140625 0.0171875
2 0.44765625 0.284375 0.015625 0.021875
2 0.46171875 0.275 0.0171875 0.021875
2 0.475 0.2875 0.0171875 0.0234375
2 0.48828125 0.27421875 0.0125 0.0203125
2 0.43671875 0.23828125 0.015625 0.0171875
2 0.52890625 0.32734375 0.01875 0.0234375
2 0.54765625 0.40625 0.01875 0.0265625
2 0.540625 0.453125 0.01875 0.025
2 0.53046875 0.56015625 0.015625 0.0234375
2 0.515625 0.53984375 0.0109375 0.01875
2 0.57421875 0.4796875 0.0140625 0.0171875
2 0.56015625 0.45390625 0.01875 0.028125
2 0.59609375 0.47890625 0.0171875 0.021875
2 0.59765625 0.6875 0.015625 0.021875
2 0.59921875 0.91640625 0.015625 0.021875
2 0.63828125 0.678125 0.0171875 0.025
2 0.67421875 0.578125 0.0171875 0.025
2 0.67109375 0.65703125 0.0125 0.0125
2 0.6828125 0.66328125 0.0140625 0.015625
2 0.6953125 0.67890625 0.015625 0.01875
2 0.709375 0.690625 0.009375 0.0140625
2 0.72734375 0.69296875 0.015625 0.0203125
2 0.75078125 0.69140625 0.0171875 0.0203125
2 0.7359375 0.721875 0.0171875 0.015625
2 0.77421875 0.728125 0.0171875 0.025
2 0.76796875 0.621875 0.0125 0.01875
2 0.71171875 0.62109375 0.0109375 0.0171875
2 0.778125 0.83046875 0.01875 0.025
2 0.7953125 0.77421875 0.0125 0.0203125
2 0.771875 0.78828125 0.0125 0.0125
2 0.8375 0.7609375 0.0203125 0.021875
2 0.89375 0.81328125 0.0171875 0.0203125
2 0.92578125 0.8015625 0.01875 0.0234375
2 0.90234375 0.76328125 0.0140625 0.0140625
2 0.9859375 0.5703125 0.009375 0.0125