2 0.46875 0.678125 0.128125 0.159375
2 0.3859375 0.73125 0.0765625 0.1140625
2 0.19765625 0.2921875 0.0828125 0.1078125
2 0.44609375 0.259375 0.090625 0.1265625
2 0.6765625 0.46640625 0.0734375 0.0734375
2 0.91484375 0.45390625 0.0359375 0.0515625
2 0.95625 0.5828125 0.05 0.0625
2 0.9921875 0.77734375 0.015625 0.040625
2 0.9828125 0.39921875 0.034375 0.0515625
2 0.9859375 0.3203125 0.028125 0.065625
2 0.44140625 0.015625 0.0265625 0.03125
2 0.74765625 0.68984375 0.0171875 0.0203125
2 0.80078125 0.71796875 0.021875 0.0234375