2 0.36953125 0.7203125 0.015625 0.0171875
2 0.76640625 0.63046875 0.0171875 0.021875
2 0.62890625 0.6734375 0.0234375 0.021875
2 0.4546875 0.43203125 0.01875 0.021875
2 0.0625 0.91953125 0.0171875 0.0171875
2 0.35703125 0.8078125 0.0171875 0.015625
2 0.64765625 0.38046875 0.0140625 0.0171875
2 0.4328125 0.809375 0.0171875 0.015625
2 0.80625 0.3640625 0.0125 0.0125
2 0.16328125 0.459375 0.0140625 0.0171875
2 0.45859375 0.70703125 0.0171875 0.01875
2 0.3484375 0.471875 0.015625 0.015625
2 0.80546875 0.31953125 0.0140625 0.015625
2 0.71875 0.48515625 0.015625 0.0171875
2 0.1796875 0.40625 0.0140625 0.015625
2 0.25625 0.7421875 0.0109375 0.0140625
2 0.6125 0.1828125 0.0203125 0.028125
2 0.2015625 0.771875 0.0140625 0.0125
2 0.17734375 0.590625 0.0125 0.0125
2 0.14921875 0.60703125 0.0078125 0.009375
2 0.47734375 0.92578125 0.01875 0.015625
2 0.371875 0.66015625 0.0125 0.0140625
2 0.278125 0.80703125 0.015625 0.015625
2 0.7546875 0.21171875 0.015625 0.015625
2 0.1953125 0.5625 0.0140625 0.0140625
2 0.71484375 0.703125 0.0140625 0.015625
2 0.0953125 0.57265625 0.009375 0.009375
2 0.59609375 0.290625 0.01875 0.0203125
2 0.59453125 0.89921875 0.015625 0.015625
2 0.42890625 0.86328125 0.0140625 0.0125
2 0.721875 0.43515625 0.0171875 0.015625
2 0.6359375 0.63984375 0.015625 0.015625
2 0.1484375 0.446875 0.0109375 0.0140625
2 0.04296875 0.51640625 0.009375 0.0078125
2 0.01484375 0.53203125 0.0078125 0.0109375
2 0.07734375 0.5515625 0.009375 0.0078125
2 0.1015625 0.615625 0.00625 0.009375
2 0.11171875 0.60703125 0.0046875 0.0078125
2 0.52265625 0.80390625 0.0109375 0.0140625