2 0.134375 0.41953125 0.0078125 0.009375
2 0.12578125 0.44453125 0.009375 0.009375
2 0.1421875 0.3484375 0.00625 0.0140625
2 0.1484375 0.3484375 0.0078125 0.0125
2 0.1734375 0.3609375 0.0046875 0.00625
2 0.1390625 0.2296875 0.0078125 0.009375
2 0.1328125 0.23359375 0.0078125 0.009375
2 0.14765625 0.32734375 0.00625 0.0109375
2 0.1546875 0.32265625 0.0078125 0.0078125
2 0.15 0.3140625 0.00625 0.00625
2 0.12109375 0.33359375 0.009375 0.0109375
2 0.11640625 0.3484375 0.0078125 0.0078125
2 0.1328125 0.36015625 0.003125 0.0046875
2 0.10390625 0.3515625 0.00625 0.00625
2 0.1078125 0.359375 0.0078125 0.0078125
2 0.0828125 0.3421875 0.0078125 0.009375
2 0.08046875 0.38515625 0.009375 0.0125
2 0.10703125 0.39765625 0.009375 0.0109375
2 0.09765625 0.32578125 0.009375 0.0109375
2 0.090625 0.315625 0.009375 0.0109375
2 0.08359375 0.309375 0.009375 0.0109375
2 0.0046875 0.22265625 0.009375 0.0109375
2 0.03125 0.2296875 0.0078125 0.0109375
2 0.05 0.2234375 0.0046875 0.00625
2 0.01953125 0.1984375 0.0046875 0.009375
2 0.0265625 0.25625 0.009375 0.0125
2 0.03359375 0.26171875 0.009375 0.009375
2 0.00625 0.309375 0.0125 0.0125
2 0.04921875 0.32421875 0.009375 0.0140625
2 0.0046875 0.34921875 0.009375 0.0125
2 0.0578125 0.38046875 0.009375 0.0109375
2 0.00234375 0.4421875 0.0046875 0.009375
2 0.025 0.44140625 0.0078125 0.0078125
2 0.01953125 0.45546875 0.0109375 0.0109375
2 0.028125 0.453125 0.009375 0.009375
2 0.0390625 0.44765625 0.0078125 0.009375
2 0.04453125 0.46171875 0.009375 0.009375
2 0.05703125 0.4453125 0.009375 0.009375
2 0.07734375 0.4734375 0.0109375 0.0109375
2 0.07890625 0.484375 0.009375 0.009375
2 0.08359375 0.4703125 0.0078125 0.009375
2 0.00390625 0.6390625 0.0078125 0.009375
2 0.03984375 0.61328125 0.0078125 0.0078125
2 0.03359375 0.7046875 0.009375 0.0109375
2 0.984375 0.35546875 0.00625 0.0078125
2 0.996875 0.3265625 0.00625 0.00625
2 0.98828125 0.4078125 0.0078125 0.0078125
2 0.99765625 0.5671875 0.0046875 0.0078125