2 0.5671875 0.5453125 0.0125 0.015625
2 0.6828125 0.58046875 0.0125 0.0171875
2 0.80234375 0.7171875 0.015625 0.0171875
2 0.69765625 0.57109375 0.015625 0.015625
2 0.60859375 0.56171875 0.0140625 0.0125
2 0.85390625 0.65 0.0140625 0.0140625
2 0.06171875 0.609375 0.00625 0.00625
2 0.78671875 0.8359375 0.015625 0.01875
2 0.3375 0.66953125 0.00625 0.00625
2 0.33203125 0.703125 0.0046875 0.0078125
2 0.4328125 0.59296875 0.00625 0.0078125
2 0.41171875 0.684375 0.00625 0.00625
2 0.37265625 0.696875 0.0046875 0.0046875
2 0.33828125 0.6140625 0.00625 0.0078125
2 0.33046875 0.55625 0.0046875 0.0078125
2 0.3015625 0.5484375 0.00625 0.0078125
2 0.19296875 0.55703125 0.00625 0.0078125
2 0.18125 0.5515625 0.0046875 0.0046875
2 0.20859375 0.58203125 0.0046875 0.00625
2 0.1921875 0.5875 0.00625 0.0046875
2 0.19765625 0.59765625 0.00625 0.00625
2 0.22578125 0.6453125 0.00625 0.0046875
2 0.240625 0.62265625 0.0046875 0.00625
2 0.2796875 0.60078125 0.00625 0.0046875
2 0.2875 0.56171875 0.0046875 0.00625
2 0.265625 0.5453125 0.0046875 0.0046875
2 0.29453125 0.534375 0.0046875 0.0046875
2 0.2703125 0.51328125 0.0046875 0.00625
2 0.346875 0.51640625 0.00625 0.0046875
2 0.34765625 0.51171875 0.0046875 0.00625
2 0.16328125 0.4546875 0.0046875 0.00625
2 0.17109375 0.4953125 0.00625 0.00625
2 0.1828125 0.5203125 0.00625 0.0046875
2 0.07890625 0.5453125 0.00625 0.0046875
2 0.09375 0.61640625 0.0046875 0.0046875
2 0.1125 0.61953125 0.0046875 0.0046875
2 0.14140625 0.62890625 0.0046875 0.0046875
2 0.1390625 0.6328125 0.0046875 0.0046875
2 0.16328125 0.61953125 0.0046875 0.0046875
2 0.16484375 0.62265625 0.0046875 0.0046875
2 0.146875 0.58203125 0.0046875 0.00625
2 0.17890625 0.58828125 0.00625 0.00625
2 0.1859375 0.59375 0.0046875 0.00625
2 0.109375 0.46953125 0.0046875 0.00625