2 0.04140625 0.78125 0.0078125 0.009375
2 0.0578125 0.93515625 0.0125 0.0140625
2 0.10546875 0.815625 0.0109375 0.0125
2 0.11171875 0.82734375 0.0140625 0.0140625
2 0.18046875 0.2453125 0.0171875 0.0203125
2 0.190625 0.26328125 0.015625 0.01875
2 0.21328125 0.46640625 0.0125 0.0109375
2 0.2296875 0.5921875 0.009375 0.0125
2 0.23359375 0.63046875 0.0109375 0.0171875
2 0.17578125 0.721875 0.01875 0.0234375
2 0.1875 0.72578125 0.009375 0.009375
2 0.215625 0.6953125 0.009375 0.0125
2 0.13671875 0.80703125 0.0125 0.0171875
2 0.14765625 0.88125 0.015625 0.0203125
2 0.15546875 0.9484375 0.0125 0.0125
2 0.19765625 0.95546875 0.0203125 0.021875
2 0.2296875 0.90078125 0.0109375 0.0171875
2 0.19375 0.85546875 0.009375 0.0109375
2 0.20546875 0.82265625 0.009375 0.0125
2 0.2234375 0.8203125 0.0078125 0.0109375
2 0.24296875 0.853125 0.0203125 0.0234375
2 0.28515625 0.38125 0.0109375 0.0140625
2 0.30234375 0.53984375 0.0203125 0.025
2 0.28359375 0.55859375 0.0078125 0.0109375
2 0.27421875 0.7140625 0.0078125 0.0125
2 0.2515625 0.7765625 0.0203125 0.0234375
2 0.25859375 0.790625 0.01875 0.015625
2 0.31171875 0.74375 0.01875 0.0234375
2 0.30546875 0.87578125 0.0109375 0.0109375
2 0.29453125 0.921875 0.0203125 0.0234375
2 0.275 0.98125 0.0171875 0.021875
2 0.3546875 0.91328125 0.0109375 0.0125
2 0.36484375 0.89296875 0.009375 0.0171875
2 0.37734375 0.9078125 0.0140625 0.01875
2 0.38125 0.9203125 0.0140625 0.015625
2 0.34609375 0.83125 0.0078125 0.0109375
2 0.34140625 0.821875 0.0078125 0.009375
2 0.32265625 0.82890625 0.0078125 0.0125
2 0.3375 0.784375 0.015625 0.0203125
2 0.27734375 0.74609375 0.00625 0.009375
2 0.2578125 0.7046875 0.003125 0.0046875
2 0.346875 0.453125 0.021875 0.028125
2 0.3875 0.41796875 0.01875 0.025
2 0.45 0.7890625 0.015625 0.0234375
2 0.44921875 0.88046875 0.0140625 0.0203125
2 0.440625 0.8421875 0.0171875 0.0203125
2 0.4953125 0.8609375 0.0171875 0.028125
2 0.40625 0.9578125 0.0140625 0.0171875
2 0.4890625 0.5375 0.009375 0.009375
2 0.48203125 0.4796875 0.015625 0.01875
2 0.490625 0.46484375 0.015625 0.0203125
2 0.52890625 0.365625 0.015625 0.021875
2 0.54296875 0.35859375 0.015625 0.0203125
2 0.52578125 0.42578125 0.015625 0.021875
2 0.54609375 0.4625 0.0171875 0.021875
2 0.5671875 0.42734375 0.0140625 0.01875
2 0.565625 0.396875 0.0125 0.0171875
2 0.5828125 0.4859375 0.015625 0.0140625
2 0.62578125 0.9234375 0.0125 0.015625
2 0.6796875 0.96875 0.015625 0.0203125
2 0.69296875 0.95703125 0.0171875 0.0234375
2 0.69140625 0.9140625 0.015625 0.0203125
2 0.6953125 0.9296875 0.015625 0.0171875
2 0.64375 0.89296875 0.01875 0.021875
2 0.653125 0.90703125 0.01875 0.021875
2 0.65390625 0.8484375 0.0171875 0.0265625
2 0.66953125 0.84921875 0.0171875 0.0265625
2 0.62421875 0.696875 0.01875 0.0265625
2 0.64140625 0.7015625 0.01875 0.0265625
2 0.66875 0.70078125 0.0125 0.0125
2 0.63828125 0.6109375 0.01875 0.0203125
2 0.68203125 0.6296875 0.0171875 0.0203125
2 0.7 0.4859375 0.0203125 0.025
2 0.71875 0.5796875 0.0109375 0.0109375
2 0.7125 0.4375 0.0203125 0.025
2 0.58125 0.41953125 0.015625 0.0203125
2 0.53046875 0.3921875 0.015625 0.0203125
2 0.553125 0.41171875 0.0125 0.0140625
2 0.6796875 0.28125 0.015625 0.0203125
2 0.653125 0.33359375 0.0109375 0.015625
2 0.68359375 0.30546875 0.015625 0.0171875
2 0.73828125 0.709375 0.0203125 0.0234375
2 0.78046875 0.9015625 0.0125 0.0140625
2 0.76015625 0.85 0.015625 0.01875
2 0.790625 0.8421875 0.0140625 0.0140625
2 0.77265625 0.80625 0.0109375 0.0171875
2 0.78515625 0.803125 0.0109375 0.0109375
2 0.79609375 0.81171875 0.0125 0.0171875
2 0.79453125 0.76796875 0.0140625 0.0203125
2 0.7796875 0.7734375 0.0125 0.01875
2 0.8140625 0.71328125 0.0109375 0.0140625
2 0.77421875 0.565625 0.015625 0.0203125
2 0.79453125 0.546875 0.0109375 0.0140625
2 0.75390625 0.39921875 0.0140625 0.0171875
2 0.73125 0.44296875 0.0078125 0.0109375
2 0.75546875 0.28671875 0.0125 0.0171875
2 0.85234375 0.3703125 0.0171875 0.0203125
2 0.86796875 0.365625 0.0171875 0.021875
2 0.89609375 0.34296875 0.015625 0.01875
2 0.8625 0.39375 0.0140625 0.015625
2 0.8484375 0.4296875 0.0140625 0.0203125
2 0.9109375 0.396875 0.0140625 0.015625
2 0.853125 0.46796875 0.015625 0.0203125
2 0.859375 0.52421875 0.0125 0.0171875
2 0.84296875 0.6140625 0.015625 0.021875
2 0.815625 0.6421875 0.0140625 0.0171875
2 0.8453125 0.703125 0.0140625 0.021875
2 0.89296875 0.746875 0.0140625 0.0140625
2 0.9328125 0.8484375 0.0109375 0.0140625
2 0.91875 0.571875 0.0140625 0.0234375