2 0.003125 0.45 0.00625 0.00625
2 0.03125 0.43046875 0.00625 0.00625
2 0.04609375 0.43203125 0.0078125 0.00625
2 0.02109375 0.49140625 0.0015625 0.003125
2 0.02734375 0.49765625 0.00625 0.00625
2 0.0453125 0.490625 0.0046875 0.0078125
2 0.0453125 0.50703125 0.00625 0.00625
2 0.0015625 0.56328125 0.003125 0.00625
2 0.03671875 0.55625 0.003125 0.0046875
2 0.040625 0.5578125 0.0046875 0.0046875
2 0.05078125 0.55625 0.00625 0.0046875
2 0.05625 0.56484375 0.003125 0.0046875
2 0.07734375 0.5578125 0.00625 0.0078125
2 0.0828125 0.55625 0.00625 0.00625
2 0.0953125 0.57265625 0.0046875 0.0078125
2 0.090625 0.54296875 0.0046875 0.00625
2 0.0984375 0.55 0.0046875 0.0046875
2 0.06015625 0.49609375 0.00625 0.00625
2 0.0640625 0.5015625 0.0046875 0.0046875
2 0.0703125 0.48828125 0.00625 0.00625
2 0.06640625 0.4890625 0.003125 0.0046875
2 0.078125 0.4921875 0.00625 0.0078125
2 0.075 0.4953125 0.0046875 0.0046875
2 0.0796875 0.475 0.0046875 0.0046875
2 0.08359375 0.475 0.0046875 0.0046875
2 0.06953125 0.45234375 0.0046875 0.00625
2 0.01953125 0.36875 0.0078125 0.00625
2 0.053125 0.35 0.00625 0.0046875
2 0.0875 0.4140625 0.0046875 0.00625
2 0.0890625 0.40546875 0.00625 0.00625
2 0.1046875 0.4484375 0.003125 0.003125
2 0.09609375 0.5015625 0.0046875 0.00625
2 0.09375 0.509375 0.003125 0.0046875
2 0.096875 0.509375 0.0046875 0.0046875
2 0.12578125 0.48125 0.003125 0.003125
2 0.16953125 0.4625 0.003125 0.0046875
2 0.1671875 0.4671875 0.0015625 0.003125
2 0.18203125 0.45625 0.0015625 0.003125
2 0.18671875 0.47265625 0.0015625 0.003125
2 0.190625 0.4453125 0.0015625 0.003125
2 0.14921875 0.43125 0.0015625 0.003125
2 0.1546875 0.459375 0.0015625 0.003125
2 0.15625 0.46484375 0.003125 0.003125
2 0.196875 0.40078125 0.0046875 0.0046875
2 0.2015625 0.390625 0.003125 0.0046875
2 0.2015625 0.28359375 0.015625 0.0203125
2 0.2625 0.32890625 0.0203125 0.0265625
2 0.24453125 0.353125 0.0109375 0.015625
2 0.134375 0.4328125 0.003125 0.0046875
2 0.24609375 0.39609375 0.0234375 0.0234375
2 0.246875 0.41796875 0.0203125 0.021875
2 0.27421875 0.3921875 0.0203125 0.025
2 0.28984375 0.4328125 0.015625 0.0234375
2 0.24453125 0.46171875 0.00625 0.00625
2 0.228125 0.4421875 0.00625 0.0078125
2 0.29140625 0.50859375 0.01875 0.021875
2 0.253125 0.58984375 0.0140625 0.0140625
2 0.23046875 0.590625 0.0125 0.009375
2 0.2515625 0.684375 0.0203125 0.0234375
2 0.26328125 0.646875 0.015625 0.0203125
2 0.24921875 0.65859375 0.021875 0.021875
2 0.21796875 0.70546875 0.0140625 0.0125
2 0.17109375 0.76171875 0.0140625 0.021875
2 0.25625 0.77578125 0.0234375 0.0234375
2 0.23359375 0.78671875 0.0109375 0.015625
2 0.18984375 0.83125 0.015625 0.01875
2 0.2953125 0.846875 0.0234375 0.0234375
2 0.303125 0.8109375 0.01875 0.0171875
2 0.40859375 0.90234375 0.0234375 0.0296875
2 0.39921875 0.78359375 0.0140625 0.01875
2 0.4265625 0.821875 0.0078125 0.009375
2 0.3359375 0.64375 0.021875 0.028125
2 0.3125 0.60546875 0.01875 0.015625
2 0.3109375 0.57265625 0.021875 0.0234375
2 0.30546875 0.5296875 0.0203125 0.028125
2 0.359375 0.55703125 0.025 0.028125
2 0.35078125 0.56875 0.015625 0.0171875
2 0.37734375 0.51796875 0.015625 0.0203125
2 0.45546875 0.5453125 0.021875 0.0265625
2 0.40078125 0.65703125 0.0078125 0.0140625
2 0.38671875 0.7359375 0.0078125 0.0125
2 0.4375 0.678125 0.0125 0.0203125
2 0.359375 0.40703125 0.0265625 0.03125
2 0.39609375 0.43046875 0.0234375 0.025
2 0.33203125 0.22734375 0.0171875 0.0203125
2 0.475 0.4578125 0.01875 0.0328125
2 0.57734375 0.81171875 0.01875 0.0234375
2 0.60625 0.8078125 0.0109375 0.01875
2 0.6234375 0.86328125 0.0203125 0.0265625
2 0.6375 0.6828125 0.0140625 0.01875
2 0.60078125 0.61328125 0.01875 0.021875
2 0.5828125 0.6078125 0.0203125 0.025
2 0.54140625 0.56328125 0.0234375 0.03125
2 0.534375 0.5421875 0.0203125 0.0203125
2 0.578125 0.55859375 0.021875 0.025
2 0.58828125 0.371875 0.021875 0.028125
2 0.63046875 0.4109375 0.0265625 0.0296875
2 0.70078125 0.8375 0.0125 0.0140625
2 0.67890625 0.6359375 0.0234375 0.0265625
2 0.7046875 0.53046875 0.0203125 0.0265625
2 0.7046875 0.546875 0.0203125 0.021875
2 0.6625 0.38671875 0.0203125 0.0265625
2 0.72421875 0.42578125 0.015625 0.0171875
2 0.7125 0.271875 0.0203125 0.028125
2 0.7171875 0.33515625 0.01875 0.01875
2 0.74375 0.371875 0.0171875 0.021875
2 0.74296875 0.7140625 0.01875 0.021875
2 0.75 0.7296875 0.0203125 0.0203125
2 0.76328125 0.77421875 0.0171875 0.0171875
2 0.80390625 0.66640625 0.015625 0.015625
2 0.7796875 0.696875 0.0140625 0.0203125
2 0.85546875 0.3390625 0.015625 0.0171875
2 0.85625 0.29453125 0.0140625 0.0171875
2 0.83203125 0.4109375 0.003125 0.003125
2 0.85859375 0.41328125 0.0046875 0.00625
2 0.8390625 0.4 0.003125 0.0046875
2 0.84609375 0.39921875 0.0046875 0.0046875
2 0.86328125 0.40078125 0.003125 0.0046875
2 0.8703125 0.41953125 0.0046875 0.0046875
2 0.8734375 0.4546875 0.0046875 0.0046875
2 0.88359375 0.46484375 0.0046875 0.0046875
2 0.88515625 0.4515625 0.0046875 0.0046875
2 0.90703125 0.4 0.0046875 0.0046875
2 0.91015625 0.39609375 0.0046875 0.0046875
2 0.9171875 0.41484375 0.0046875 0.0046875
2 0.921875 0.44140625 0.003125 0.0046875
2 0.92578125 0.4421875 0.0046875 0.0046875
2 0.92734375 0.4265625 0.0046875 0.0046875
2 0.93125 0.428125 0.0046875 0.0046875
2 0.93359375 0.41953125 0.0046875 0.00625
2 0.86875 0.5 0.0046875 0.0046875
2 0.8828125 0.49609375 0.0046875 0.0046875
2 0.8828125 0.49140625 0.003125 0.0046875
2 0.90546875 0.5 0.003125 0.0046875
2 0.92734375 0.4921875 0.0046875 0.0046875
2 0.92109375 0.496875 0.0046875 0.0046875
2 0.93046875 0.49609375 0.003125 0.0046875
2 0.93359375 0.49453125 0.0046875 0.0046875
2 0.90078125 0.4921875 0.0046875 0.0046875
2 0.9671875 0.534375 0.009375 0.0109375
2 0.95546875 0.48984375 0.0046875 0.0046875
2 0.9765625 0.44296875 0.0125 0.0140625
2 0.9625 0.34375 0.0109375 0.0109375
2 0.98125 0.3671875 0.00625 0.009375
2 0.98515625 0.37578125 0.0109375 0.0109375
2 0.96875 0.425 0.009375 0.0125
2 0.9921875 0.4171875 0.00625 0.00625
2 0.98828125 0.509375 0.009375 0.0109375
2 0.99765625 0.5296875 0.0046875 0.009375
2 0.99609375 0.51015625 0.0078125 0.0125
2 0.99609375 0.56328125 0.00625 0.009375