2 0.28828125 0.88671875 0.0296875 0.0359375
2 0.57265625 0.9828125 0.021875 0.03125
2 0.55390625 0.3703125 0.040625 0.0375
2 0.80390625 0.53984375 0.040625 0.0421875
2 0.4140625 0.6953125 0.03125 0.03125
2 0.51328125 0.8296875 0.034375 0.0375
2 0.65625 0.48515625 0.0328125 0.040625
2 0.04296875 0.828125 0.034375 0.0390625
2 0.66953125 0.2890625 0.040625 0.040625
2 0.55859375 0.33125 0.040625 0.0390625
2 0.85546875 0.35703125 0.03125 0.0328125
2 0.11328125 0.8828125 0.028125 0.03125
2 0.3640625 0.66015625 0.0203125 0.03125
2 0.103125 0.76171875 0.0296875 0.0390625
2 0.8359375 0.5703125 0.021875 0.021875
2 0.69609375 0.71875 0.0234375 0.0328125
2 0.77578125 0.84921875 0.0203125 0.0203125
2 0.534375 0.77265625 0.0234375 0.03125
2 0.84921875 0.51484375 0.01875 0.021875
2 0.6796875 0.5234375 0.0328125 0.034375
2 0.18984375 0.4078125 0.021875 0.028125
2 0.71015625 0.9015625 0.0234375 0.0203125
2 0.73359375 0.5109375 0.021875 0.0171875
2 0.59296875 0.73046875 0.03125 0.05
2 0.0921875 0.47265625 0.021875 0.01875
2 0.409375 0.9140625 0.0125 0.01875
2 0.40703125 0.45859375 0.03125 0.0359375
2 0.70703125 0.5734375 0.01875 0.01875
2 0.14921875 0.42109375 0.0203125 0.0265625
2 0.5421875 0.15234375 0.03125 0.0421875
2 0.79609375 0.99140625 0.0234375 0.0171875
2 0.63203125 0.59609375 0.028125 0.0421875
2 0.88046875 0.17265625 0.0328125 0.0421875
2 0.78828125 0.31640625 0.034375 0.0328125
2 0.915625 0.3109375 0.0265625 0.028125
2 0.909375 0.5171875 0.0234375 0.03125
2 0.66875 0.1875 0.034375 0.0515625
2 0.59609375 0.21328125 0.034375 0.0390625
2 0.50703125 0.1140625 0.03125 0.0390625
2 0.52890625 0.0515625 0.034375 0.046875
2 0.0671875 0.92265625 0.03125 0.0296875
2 0.0734375 0.9671875 0.028125 0.03125
2 0.08671875 0.940625 0.03125 0.046875
2 0.10703125 0.92890625 0.0234375 0.0296875
2 0.09375 0.90078125 0.0296875 0.0296875
2 0.14375 0.9875 0.028125 0.025
2 0.16015625 0.99375 0.0203125 0.0125
2 0.20390625 0.4265625 0.025 0.028125