2 0.52890625 0.1625 0.0703125 0.0921875
2 0.48671875 0.1484375 0.071875 0.0953125
2 0.4453125 0.15546875 0.0984375 0.109375
2 0.6671875 0.07578125 0.078125 0.075
2 0.83125 0.11796875 0.065625 0.0828125
2 0.83125 0.21953125 0.0890625 0.1015625
2 0.7890625 0.21640625 0.06875 0.09375
2 0.64296875 0.23046875 0.0734375 0.075
2 0.68828125 0.2125 0.0546875 0.0796875
2 0.7265625 0.2171875 0.05 0.0640625
2 0.9734375 0.15625 0.053125 0.0921875
2 0.92265625 0.38984375 0.078125 0.08125
2 0.73203125 0.44375 0.0703125 0.0796875
2 0.4515625 0.34609375 0.071875 0.08125
2 0.165625 0.634375 0.0546875 0.0546875
2 0.940625 0.54453125 0.04375 0.0515625
2 0.9125 0.5265625 0.0578125 0.0484375
2 0.83671875 0.52109375 0.05 0.05
2 0.66875 0.39609375 0.053125 0.071875
2 0.21484375 0.33125 0.0859375 0.0828125
2 0.075 0.29453125 0.059375 0.065625