2 0.4578125 0.26875 0.096875 0.084375
2 0.6578125 0.25234375 0.084375 0.0875
2 0.7515625 0.43359375 0.09375 0.0703125
2 0.6703125 0.5140625 0.096875 0.0828125
2 0.659375 0.6125 0.115625 0.0875
2 0.334375 0.55078125 0.125 0.1046875
2 0.221875 0.69296875 0.10625 0.096875
2 0.490625 0.7171875 0.10625 0.0828125
2 0.5671875 0.7828125 0.084375 0.0703125
2 0.4359375 0.76328125 0.10625 0.0875
2 0.2984375 0.315625 0.1125 0.09375
2 0.7375 0.16328125 0.096875 0.084375
2 0.628125 0.0859375 0.1 0.0703125
2 0.3984375 0.37578125 0.11875 0.090625
2 0.4609375 0.5140625 0.1 0.090625
2 0.575 0.40703125 0.109375 0.09375