2 0.60625 0.5390625 0.0171875 0.0234375
2 0.64921875 0.5859375 0.0140625 0.0234375
2 0.57265625 0.58984375 0.015625 0.021875
2 0.4953125 0.51953125 0.01875 0.025
2 0.56953125 0.653125 0.0140625 0.0234375
2 0.58984375 0.67109375 0.015625 0.0234375
2 0.61640625 0.6796875 0.0203125 0.028125
2 0.64375 0.7015625 0.01875 0.0265625
2 0.6421875 0.7359375 0.0171875 0.0234375
2 0.6578125 0.728125 0.01875 0.0234375
2 0.73671875 0.53203125 0.0203125 0.028125
2 0.746875 0.64765625 0.0140625 0.0234375
2 0.68515625 0.578125 0.01875 0.0234375
2 0.6015625 0.49375 0.0171875 0.021875
2 0.60078125 0.5109375 0.01875 0.01875
2 0.48046875 0.62734375 0.0140625 0.0203125
2 0.5125 0.65078125 0.0171875 0.021875
2 0.47578125 0.74296875 0.01875 0.0234375
2 0.38984375 0.61875 0.015625 0.0265625
2 0.4046875 0.65 0.021875 0.0203125
2 0.42734375 0.596875 0.01875 0.0265625
2 0.34765625 0.54453125 0.01875 0.0234375
2 0.40234375 0.5328125 0.0203125 0.028125
2 0.37421875 0.60390625 0.015625 0.0234375
2 0.36484375 0.55390625 0.015625 0.021875
2 0.4875 0.8046875 0.01875 0.0234375
2 0.32890625 0.7046875 0.0203125 0.028125
2 0.2859375 0.73828125 0.01875 0.021875
2 0.77421875 0.61875 0.0171875 0.0265625
2 0.79453125 0.62734375 0.0203125 0.021875
2 0.81484375 0.58515625 0.0140625 0.0234375
2 0.77734375 0.50078125 0.01875 0.0234375
2 0.83203125 0.41484375 0.015625 0.0234375
2 0.7453125 0.40234375 0.01875 0.025
2 0.74609375 0.43515625 0.0203125 0.028125
2 0.65859375 0.4953125 0.015625 0.028125
2 0.85078125 0.346875 0.01875 0.0234375
2 0.59765625 0.34609375 0.015625 0.021875
2 0.671875 0.28671875 0.01875 0.025
2 0.50546875 0.35 0.01875 0.0234375
2 0.403125 0.41484375 0.01875 0.021875
2 0.428125 0.3625 0.021875 0.0265625
2 0.46875 0.3890625 0.0171875 0.021875
2 0.3921875 0.38203125 0.0171875 0.021875
2 0.37109375 0.2796875 0.0234375 0.0234375
2 0.39375 0.24296875 0.015625 0.0234375
2 0.36484375 0.23515625 0.021875 0.025
2 0.4609375 0.19765625 0.01875 0.0234375
2 0.3859375 0.1796875 0.0140625 0.0265625
2 0.3984375 0.17421875 0.0140625 0.0234375
2 0.46015625 0.16796875 0.015625 0.01875
2 0.46015625 0.13046875 0.0140625 0.0203125
2 0.4765625 0.125 0.01875 0.021875
2 0.48046875 0.0984375 0.01875 0.0203125
2 0.53359375 0.103125 0.0125 0.0171875
2 0.58828125 0.13515625 0.0125 0.021875
2 0.6171875 0.1296875 0.01875 0.0203125
2 0.63203125 0.1734375 0.0171875 0.0203125
2 0.66015625 0.21640625 0.01875 0.028125
2 0.5453125 0.6421875 0.0171875 0.0203125
2 0.58046875 0.7171875 0.0125 0.0171875
2 0.59375 0.6359375 0.01875 0.01875
2 0.60078125 0.61640625 0.0203125 0.0203125
2 0.59921875 0.74375 0.0125 0.015625
2 0.578125 0.75 0.015625 0.0171875
2 0.36484375 0.66640625 0.015625 0.0203125
2 0.35625 0.575 0.015625 0.0234375
2 0.32734375 0.559375 0.015625 0.0203125
2 0.25859375 0.51640625 0.0203125 0.015625
2 0.1640625 0.4375 0.0171875 0.0234375
2 0.16015625 0.39921875 0.015625 0.0234375
2 0.1390625 0.459375 0.0171875 0.028125
2 0.178125 0.4921875 0.015625 0.025
2 0.1765625 0.403125 0.0171875 0.021875
2 0.190625 0.36171875 0.01875 0.028125
2 0.259375 0.6703125 0.0171875 0.021875
2 0.14609375 0.74453125 0.0140625 0.01875
2 0.16640625 0.765625 0.0171875 0.0203125
2 0.15390625 0.7875 0.0203125 0.0203125
2 0.2109375 0.78515625 0.015625 0.01875
2 0.240625 0.60859375 0.015625 0.0234375
2 0.240625 0.54765625 0.015625 0.025
2 0.31328125 0.334375 0.015625 0.0328125
2 0.578125 0.04765625 0.01875 0.025
2 0.56484375 0.05 0.0125 0.0234375
2 0.503125 0.0671875 0.01875 0.0171875
2 0.4921875 0.0890625 0.0171875 0.01875
2 0.4609375 0.45625 0.0171875 0.021875
2 0.45234375 0.4703125 0.0203125 0.0203125
2 0.26796875 0.378125 0.0234375 0.0265625