2 0.4609375 0.196875 0.021875 0.025
2 0.459375 0.16484375 0.021875 0.021875
2 0.4609375 0.12890625 0.021875 0.0265625
2 0.39296875 0.24296875 0.021875 0.028125
2 0.365625 0.2359375 0.0234375 0.0296875
2 0.371875 0.2796875 0.0234375 0.025
2 0.3859375 0.18203125 0.01875 0.025
2 0.4 0.1734375 0.015625 0.021875
2 0.4828125 0.1015625 0.0234375 0.03125
2 0.478125 0.12421875 0.0203125 0.0234375
2 0.5015625 0.065625 0.015625 0.0265625
2 0.57890625 0.04765625 0.0203125 0.0234375
2 0.56640625 0.05 0.0171875 0.0234375
2 0.61640625 0.12890625 0.0203125 0.0265625
2 0.58984375 0.13671875 0.01875 0.025
2 0.6328125 0.175 0.021875 0.025
2 0.671875 0.2875 0.0234375 0.025
2 0.6 0.3453125 0.0234375 0.028125
2 0.74609375 0.403125 0.021875 0.0296875
2 0.428125 0.36171875 0.0234375 0.025
2 0.50546875 0.35 0.0203125 0.0234375
2 0.3140625 0.334375 0.0203125 0.0234375
2 0.40234375 0.41328125 0.0203125 0.028125
2 0.46171875 0.45546875 0.01875 0.025
2 0.45625 0.4671875 0.021875 0.0234375
2 0.4953125 0.51875 0.01875 0.028125
2 0.40234375 0.534375 0.01875 0.028125
2 0.73671875 0.53359375 0.021875 0.03125
2 0.778125 0.5 0.0234375 0.028125
2 0.81484375 0.5859375 0.0203125 0.028125
2 0.7953125 0.62421875 0.021875 0.028125
2 0.7734375 0.61796875 0.0234375 0.028125
2 0.7484375 0.64765625 0.0203125 0.0265625
2 0.83125 0.4140625 0.0171875 0.025
2 0.85078125 0.346875 0.0234375 0.0234375
2 0.684375 0.57734375 0.01875 0.021875
2 0.68828125 0.56484375 0.0203125 0.025
2 0.6015625 0.49453125 0.021875 0.0234375
2 0.6 0.509375 0.01875 0.025
2 0.60625 0.54140625 0.01875 0.025
2 0.5921875 0.5328125 0.0203125 0.0234375
2 0.64921875 0.58515625 0.01875 0.0265625
2 0.6578125 0.5796875 0.0171875 0.0265625
2 0.6015625 0.61953125 0.021875 0.021875
2 0.59375 0.63359375 0.021875 0.025
2 0.57265625 0.58984375 0.01875 0.025
2 0.56484375 0.5984375 0.01875 0.0203125
2 0.48046875 0.6265625 0.0171875 0.025
2 0.5125 0.65 0.0203125 0.028125
2 0.6171875 0.68046875 0.01875 0.025
2 0.590625 0.6703125 0.01875 0.025
2 0.57109375 0.65234375 0.021875 0.028125
2 0.54453125 0.6421875 0.015625 0.0203125
2 0.64375 0.7015625 0.0171875 0.0234375
2 0.65703125 0.72734375 0.021875 0.0265625
2 0.64296875 0.734375 0.01875 0.028125
2 0.68203125 0.69375 0.025 0.034375
2 0.47578125 0.74296875 0.01875 0.028125
2 0.39140625 0.61796875 0.01875 0.025
2 0.4265625 0.59765625 0.01875 0.025
2 0.40546875 0.65078125 0.01875 0.025
2 0.375 0.60390625 0.01875 0.028125
2 0.3484375 0.5453125 0.021875 0.028125
2 0.3640625 0.553125 0.015625 0.0265625
2 0.35703125 0.57578125 0.021875 0.0265625
2 0.3296875 0.7078125 0.021875 0.028125
2 0.259375 0.671875 0.0140625 0.021875
2 0.28671875 0.73671875 0.0234375 0.0265625
2 0.21328125 0.784375 0.0203125 0.0265625
2 0.153125 0.7875 0.01875 0.0234375
2 0.14609375 0.74375 0.015625 0.0203125
2 0.24375 0.60859375 0.021875 0.028125
2 0.140625 0.4578125 0.021875 0.025
2 0.1640625 0.4375 0.01875 0.025
2 0.17421875 0.40546875 0.0171875 0.025
2 0.16015625 0.4 0.021875 0.0234375
2 0.13828125 0.39375 0.0171875 0.0203125
2 0.190625 0.36171875 0.021875 0.0234375
2 0.23046875 0.36953125 0.0203125 0.025
2 0.3265625 0.55859375 0.015625 0.0234375
2 0.1765625 0.48984375 0.015625 0.021875
2 0.39140625 0.3828125 0.015625 0.025
2 0.46875 0.38984375 0.0203125 0.0265625
2 0.659375 0.21640625 0.01875 0.0265625
2 0.534375 0.10390625 0.01875 0.021875
2 0.61953125 0.59140625 0.0203125 0.025