2 0.49637681093749997 0.718894009375 0.565217390625 0.718894009375 0.590579709375 0.6935483875 0.59963768125 0.6728110593750001 0.588768115625 0.6152073734375 0.5507246375 0.5783410140624999 0.5181159421875 0.576036865625 0.4927536234375 0.5898617515625 0.46920289843749996 0.63133640625 0.47644927499999995 0.6958525343749999 0.49637681093749997 0.718894009375
2 0.57789855 0.269585253125 0.559782609375 0.2511520734375 0.5217391296875 0.23271889375 0.47463768125000005 0.2511520734375 0.45471014531250004 0.30184331875 0.461956521875 0.3617511515625 0.5072463765624999 0.40322580625000004 0.538043478125 0.40092165937499996 0.5724637687499999 0.3847926265625 0.6195652171875 0.3294930875 0.6177536234375001 0.3225806453125 0.590579709375 0.3225806453125 0.5815217390625 0.331797234375 0.5543478265624999 0.331797234375 0.5561594203125 0.315668203125 0.57789855 0.28571428593750003 0.57789855 0.269585253125
2 0.6268115937500001 0.5691244234374999 0.6195652171875 0.6244239625 0.635869565625 0.6612903218749999 0.6666666671875 0.6889400921875 0.7047101453125 0.6935483875 0.72463768125 0.684331796875 0.7554347828125 0.63133640625 0.762681159375 0.5875576031249999 0.7590579703125 0.5599078343749999 0.72463768125 0.5299539171875 0.67391304375 0.5276497703125 0.6449275359375 0.5414746546875 0.6268115937500001 0.5691244234374999
2 0.0960144921875 0.6520737328124999 0.11956521718749999 0.684331796875 0.1521739125 0.7004608296875 0.188405796875 0.7027649765625 0.23188405781250002 0.684331796875 0.2536231890625 0.6290322578125 0.2427536234375 0.5668202765625 0.2173913046875 0.536866359375 0.1340579703125 0.5345622125 0.112318840625 0.5552995390625 0.0942028984375 0.5921658984375 0.0960144921875 0.6520737328124999
2 0.1702898546875 0.009216590625 0.1413043484375 0.0322580640625 0.12318840625000001 0.0645161296875 0.11956521718749999 0.10368663593750001 0.125 0.1267281109375 0.13586956562500002 0.1520737328125 0.15942029062500002 0.17281105937500002 0.1938405796875 0.1797235015625 0.25181159375 0.168202765625 0.2681159421875 0.158986175 0.2916666671875 0.122119815625 0.28079710156250004 0.036866359375000005 0.2663043484375 0.018433179687500002 0.235507246875 0.0046082953125 0.1702898546875 0.009216590625
2 0 0.6244239625 0.0181159421875 0.6612903218749999 0.030797101562500002 0.6728110593750001 0.0688405796875 0.6774193546875 0.09963768125 0.658986175 0.0978260875 0.5898617515625 0.12318840625000001 0.54608295 0.1286231890625 0.5161290328125 0.101449275 0.490783409375 0.063405796875 0.48617511562500004 0.036231884375 0.502304146875 0.010869565624999999 0.5345622125 0 0.5552995390625 0 0.6244239625
2 0.2536231890625 0.341013825 0.2536231890625 0.3755760375 0.3242753625 0.43087557656250003 0.32789855 0.451612903125 0.3804347828125 0.45391705 0.40942029062499996 0.41244239687500006 0.413043478125 0.366359446875 0.40760869531250005 0.33870967812499997 0.385869565625 0.30184331875 0.364130434375 0.28571428593750003 0.30253623125 0.281105990625 0.2699275359375 0.3087557609375 0.2536231890625 0.341013825
2 0.510869565625 0.7235023046875 0.5072463765624999 0.7603686640625 0.512681159375 0.7741935484375 0.5525362312500001 0.804147465625 0.5742753625 0.804147465625 0.59963768125 0.79032258125 0.6268115937500001 0.7442396312499999 0.6213768109375 0.6958525343749999 0.6050724640625 0.6705069124999999 0.5960144921875 0.6751152078125 0.5815217390625 0.707373271875 0.5634057968749999 0.72119815625 0.510869565625 0.7235023046875
2 0.4438405796875 0.77880184375 0.4800724640625 0.76728110625 0.5072463765624999 0.7281105984375 0.47644927499999995 0.6912442390625 0.46920289843749996 0.6290322578125 0.4257246375 0.6382488484375 0.39673912968749997 0.684331796875 0.3949275359375 0.7235023046875 0.40942029062499996 0.730414746875 0.4438405796875 0.77880184375
2 0.24818840625 0.5921658984375 0.2699275359375 0.6267281109375 0.284420290625 0.6359447 0.351449275 0.633640553125 0.375 0.6129032265625 0.3913043484375 0.5714285718750001 0.3786231890625 0.509216590625 0.34420289843749996 0.474654378125 0.2789855078125 0.4815668203125 0.260869565625 0.5 0.24637681093750002 0.5345622125 0.24818840625 0.5921658984375
2 0.288043478125 0.8341013828125 0.32246376875 0.8940092171874999 0.33514492812499996 0.900921659375 0.35326087031250003 0.8594470046874999 0.351449275 0.81797235 0.3423913046875 0.7972350234375 0.31159420312499997 0.7741935484375 0.28623188437499997 0.7741935484375 0.262681159375 0.7857142859375 0.2554347828125 0.8087557609375 0.288043478125 0.8341013828125
2 0.40760869531250005 0.4838709671875 0.4456521734375 0.4884792625 0.46376811562500003 0.4792626734375 0.48731884062499997 0.4423963140625 0.489130434375 0.3940092171875 0.46014492812499996 0.3571428578125 0.41123188437499997 0.3640553 0.40942029062499996 0.42165898593750006 0.3786231890625 0.45852534531250005 0.40760869531250005 0.4838709671875
2 0.1757246375 0.827188940625 0.20108695625 0.7995391703125 0.22463768125 0.79032258125 0.2336956515625 0.76728110625 0.22463768125 0.6935483875 0.16485507187499998 0.7027649765625 0.0957521140625 0.6726533890625 0.0825790703125 0.7799330140625 0.14311594218749998 0.8294930875000001 0.1757246375 0.827188940625
2 0.7484375 0.409375 0.1609375 0.2265625
2 0.940625 0.31171875 0.11875 0.1546875
2 0.41875 0.228125 0.1921875 0.246875
2 0.18671875 0.44921875 0.1921875 0.2234375
2 0.06484375 0.79765625 0.1296875 0.2265625