2 0.59765625 0.43203125 0.0328125 0.0734375
2 0.5234375 0.55859375 0.0390625 0.059375
2 0.6171875 0.7296875 0.0453125 0.075
2 0.6484375 0.83046875 0.0390625 0.0765625
2 0.69375 0.9 0.0390625 0.084375
2 0.746875 0.77109375 0.0359375 0.075
2 0.85234375 0.86640625 0.040625 0.0625
2 0.83671875 0.925 0.0453125 0.0671875
2 0.82890625 0.32890625 0.040625 0.059375
2 0.61875 0.33671875 0.05 0.0671875
2 0.4734375 0.26015625 0.040625 0.08125
2 0.4 0.27109375 0.040625 0.0828125
2 0.33359375 0.24453125 0.046875 0.0828125
2 0.31640625 0.3453125 0.04375 0.0859375
2 0.3609375 0.346875 0.0453125 0.078125
2 0.1671875 0.240625 0.0453125 0.0671875
2 0.20859375 0.08203125 0.0453125 0.0734375
2 0.14296875 0.13984375 0.0359375 0.0765625
2 0.43203125 0.46953125 0.046875 0.0953125
2 0.20625 0.43359375 0.0484375 0.071875
2 0.4734375 0.4984375 0.0484375 0.09375
2 0.43671875 0.6375 0.0484375 0.090625
2 0.39921875 0.66953125 0.046875 0.096875
2 0.421875 0.8125 0.0390625 0.0640625
2 0.2234375 0.75625 0.046875 0.0875
2 0.16484375 0.57734375 0.040625 0.0828125
2 0.175 0.29296875 0.046875 0.059375
2 0.2515625 0.8203125 0.0515625 0.0875
2 0.1265625 0.75078125 0.0421875 0.065625
2 0.6296875 0.93125 0.03125 0.0671875
2 0.7890625 0.8828125 0.0328125 0.059375
2 0.046875 0.98203125 0.0421875 0.0359375
2 0.27890625 0.98359375 0.0375 0.0328125
2 0.5359375 0.975 0.034375 0.05
2 0.7046875 0.98515625 0.0359375 0.0296875
2 0.81875 0.97265625 0.0375 0.0546875
2 0.9171875 0.79140625 0.0265625 0.071875
2 0.7359375 0.3390625 0.0359375 0.065625
2 0.790625 0.51484375 0.0359375 0.05625
2 0.790625 0.38125 0.028125 0.0671875
2 0.57890625 0.190625 0.046875 0.0734375
2 0.5265625 0.16875 0.0390625 0.0671875
2 0.4390625 0.20703125 0.0421875 0.0703125
2 0.0890625 0.20859375 0.04375 0.0765625
2 0.6859375 0.41953125 0.028125 0.0484375
2 0.6671875 0.25078125 0.028125 0.046875
2 0.3375 0.6859375 0.04375 0.078125
2 0.6234375 0.665625 0.0421875 0.0515625
2 0.4609375 0.6796875 0.04375 0.0953125
2 0.15078125 0.9671875 0.040625 0.059375
2 0.8421875 0.38671875 0.0328125 0.05625
2 0.2703125 0.4875 0.034375 0.0515625