2 0.2359375 0.2859375 0.0265625 0.0453125
2 0.05625 0.375 0.025 0.05625
2 0.27890625 0.48671875 0.021875 0.0421875
2 0.05 0.63515625 0.0265625 0.04375
2 0.2625 0.58125 0.028125 0.0421875
2 0.1234375 0.775 0.0328125 0.0515625
2 0.33046875 0.92421875 0.034375 0.05625
2 0.6203125 0.61171875 0.025 0.04375
2 0.47578125 0.47890625 0.0234375 0.0421875
2 0.865625 0.590625 0.0375 0.0828125
2 0.8375 0.70625 0.034375 0.0734375
2 0.853125 0.8640625 0.034375 0.071875
2 0.790625 0.8546875 0.0390625 0.065625
2 0.9171875 0.95546875 0.03125 0.059375
2 0.490625 0.34453125 0.0234375 0.03125
2 0.44375 0.3296875 0.0234375 0.046875
2 0.45390625 0.175 0.0265625 0.0453125
2 0.59296875 0.65234375 0.015625 0.0453125
2 0.61015625 0.66875 0.021875 0.0421875
2 0.50703125 0.934375 0.04375 0.0703125
2 0.1515625 0.76875 0.0296875 0.0515625
2 0.159375 0.4640625 0.028125 0.0640625
2 0.1796875 0.41640625 0.03125 0.04375
2 0.2734375 0.28359375 0.0296875 0.0546875
2 0.2515625 0.3203125 0.0234375 0.0484375
2 0.73984375 0.9265625 0.025 0.0546875
2 0.96640625 0.81796875 0.028125 0.0515625