2 0.9078125 0.10703125 0.0375 0.0671875
2 0.87109375 0.171875 0.034375 0.0609375
2 0.85234375 0.35859375 0.0375 0.0546875
2 0.8234375 0.5234375 0.0375 0.065625
2 0.771875 0.609375 0.0375 0.0703125
2 0.709375 0.6609375 0.040625 0.071875
2 0.74609375 0.46484375 0.0359375 0.0640625
2 0.675 0.54140625 0.034375 0.059375
2 0.5921875 0.5390625 0.0359375 0.053125
2 0.58984375 0.584375 0.0421875 0.0671875
2 0.6890625 0.7625 0.034375 0.065625
2 0.52578125 0.484375 0.0359375 0.05625
2 0.615625 0.44375 0.0421875 0.0640625
2 0.6359375 0.959375 0.0328125 0.05625
2 0.61328125 0.97265625 0.0359375 0.0546875
2 0.259375 0.6125 0.021875 0.0390625
2 0.2734375 0.503125 0.025 0.0421875
2 0.10625 0.665625 0.034375 0.05
2 0.02890625 0.81015625 0.0359375 0.059375
2 0.03984375 0.4234375 0.0234375 0.04375
2 0.0484375 0.3890625 0.021875 0.0390625
2 0.0671875 0.38671875 0.0328125 0.053125
2 0.06640625 0.315625 0.0265625 0.0390625
2 0.0921875 0.34375 0.0265625 0.046875
2 0.0828125 0.28046875 0.028125 0.0546875