2 0.846875 0.25390625 0.040625 0.0703125
2 0.903125 0.1546875 0.0328125 0.05625
2 0.821875 0.09140625 0.0484375 0.065625
2 0.76171875 0.0234375 0.04375 0.046875
2 0.74609375 0.19453125 0.0375 0.059375
2 0.771875 0.3015625 0.04375 0.0671875
2 0.753125 0.41875 0.03125 0.0578125
2 0.6875 0.63671875 0.0328125 0.0546875
2 0.66171875 0.65703125 0.034375 0.059375
2 0.6 0.6734375 0.0328125 0.0484375
2 0.54453125 0.71796875 0.0234375 0.0546875
2 0.60703125 0.71796875 0.0421875 0.04375
2 0.16171875 0.3796875 0.0265625 0.046875
2 0.08203125 0.13046875 0.025 0.0359375
2 0.10390625 0.0203125 0.0265625 0.0375
2 0.04296875 0.471875 0.040625 0.059375
2 0.090625 0.4875 0.034375 0.05625
2 0.1109375 0.09140625 0.0234375 0.0375
2 0.146875 0.6 0.03125 0.046875
2 0.11015625 0.6375 0.03125 0.0625
2 0.12578125 0.7046875 0.0296875 0.0390625
2 0.13515625 0.75078125 0.021875 0.0296875
2 0.821875 0.57734375 0.0328125 0.0515625
2 0.89296875 0.46796875 0.0390625 0.059375
2 0.58515625 0.31171875 0.0234375 0.04375
2 0.31875 0.2109375 0.0265625 0.0390625
2 0.36015625 0.1765625 0.0296875 0.0453125
2 0.696875 0.86875 0.0328125 0.05
2 0.57578125 0.85859375 0.0234375 0.0609375
2 0.81875 0.76796875 0.040625 0.0546875
2 0.6921875 0.37734375 0.03125 0.0453125
2 0.6421875 0.44453125 0.034375 0.053125
2 0.13203125 0.05234375 0.0265625 0.0328125
2 0.73203125 0.290625 0.0265625 0.0515625
2 0.93828125 0.253125 0.0265625 0.0625