2 0.27265625 0.3140625 0.03125 0.046875
2 0.365625 0.44296875 0.0234375 0.04375
2 0.52265625 0.09921875 0.028125 0.0546875
2 0.690625 0.0203125 0.0296875 0.0375
2 0.7015625 0.0578125 0.03125 0.04375
2 0.67734375 0.08671875 0.028125 0.040625
2 0.7046875 0.290625 0.0234375 0.046875
2 0.7828125 0.259375 0.0234375 0.04375
2 0.85859375 0.1046875 0.0328125 0.04375
2 0.85078125 0.01796875 0.0296875 0.0359375
2 0.89140625 0.06328125 0.0265625 0.05
2 0.92890625 0.0734375 0.0296875 0.0515625
2 0.8546875 0.2390625 0.0234375 0.040625