2 0.92421875 0.046875 0.034375 0.065625
2 0.82109375 0.16796875 0.0328125 0.0671875
2 0.80390625 0.24140625 0.03125 0.053125
2 0.78359375 0.26640625 0.03125 0.046875
2 0.66875 0.34296875 0.03125 0.05
2 0.82578125 0.44140625 0.0296875 0.05
2 0.60625 0.50390625 0.034375 0.06875
2 0.58515625 0.503125 0.0234375 0.0375
2 0.34921875 0.209375 0.021875 0.0390625
2 0.3390625 0.14140625 0.0265625 0.0453125
2 0.47265625 0.04375 0.0296875 0.0484375
2 0.6546875 0.24375 0.03125 0.05625
2 0.93515625 0.13125 0.03125 0.0734375
2 0.98984375 0.18671875 0.0203125 0.0453125