2 0.94140625 0.334375 0.040625 0.0671875
2 0.91015625 0.5125 0.04375 0.06875
2 0.8234375 0.45234375 0.04375 0.0671875
2 0.85390625 0.61875 0.0421875 0.0734375
2 0.78046875 0.66875 0.0359375 0.071875
2 0.74375 0.54296875 0.0328125 0.0609375
2 0.640625 0.5375 0.040625 0.0625
2 0.66796875 0.43203125 0.0390625 0.0671875
2 0.7625 0.78203125 0.0375 0.0671875
2 0.56875 0.47421875 0.0390625 0.0640625
2 0.63515625 0.5875 0.0359375 0.0640625
2 0.83671875 0.92734375 0.03125 0.0609375
2 0.91796875 0.84609375 0.0359375 0.06875
2 0.69296875 0.98046875 0.0359375 0.0390625
2 0.0546875 0.81171875 0.0390625 0.0671875
2 0.01796875 0.80546875 0.0359375 0.08125
2 0.11953125 0.90625 0.025 0.046875
2 0.146875 0.65625 0.0265625 0.046875
2 0.30546875 0.5125 0.025 0.04375
2 0.29453125 0.61015625 0.025 0.0515625
2 0.07890625 0.415625 0.025 0.0390625
2 0.10703125 0.375 0.025 0.04375
2 0.0890625 0.38125 0.0234375 0.046875
2 0.10703125 0.30703125 0.025 0.034375
2 0.13046875 0.33671875 0.025 0.0390625
2 0.12421875 0.27109375 0.028125 0.053125
2 0.03203125 0.334375 0.025 0.0390625
2 0.015625 0.11640625 0.03125 0.046875