2 0.153125 0.37734375 0.0453125 0.0671875
2 0.2171875 0.14609375 0.046875 0.075
2 0.20859375 0.49921875 0.05 0.0859375
2 0.13046875 0.43984375 0.040625 0.06875
2 0.5734375 0.02578125 0.0234375 0.0390625
2 0.4671875 0.090625 0.0265625 0.0484375
2 0.47421875 0.15234375 0.0203125 0.0359375
2 0.82890625 0.15 0.021875 0.046875
2 0.8328125 0.24765625 0.021875 0.0453125
2 0.834375 0.42421875 0.01875 0.0375
2 0.90390625 0.52421875 0.0234375 0.04375
2 0.925 0.59296875 0.0171875 0.034375
2 0.9078125 0.640625 0.01875 0.034375
2 0.915625 0.70703125 0.0171875 0.03125
2 0.92265625 0.75078125 0.01875 0.0296875
2 0.95625 0.7828125 0.0203125 0.0328125
2 0.95546875 0.4859375 0.0265625 0.046875
2 0.93125 0.3125 0.0140625 0.0328125
2 0.99140625 0.42421875 0.0171875 0.046875
2 0.9921875 0.384375 0.015625 0.0390625
2 0.95703125 0.60390625 0.0203125 0.0359375
2 0.85234375 0.43046875 0.015625 0.03125
2 0.94453125 0.51328125 0.021875 0.0359375