2 0.95859375 0.1265625 0.0546875 0.08125
2 0.92109375 0.321875 0.0546875 0.0921875
2 0.85859375 0.43515625 0.053125 0.0875
2 0.771875 0.48359375 0.059375 0.0765625
2 0.746875 0.6234375 0.046875 0.0796875
2 0.76796875 0.49296875 0.040625 0.090625
2 0.734375 0.37421875 0.0453125 0.08125
2 0.7546875 0.17578125 0.04375 0.0734375
2 0.82265625 0.24765625 0.05 0.078125
2 0.6796875 0.88203125 0.040625 0.06875
2 0.03203125 0.103125 0.03125 0.053125
2 0.015625 0.1484375 0.028125 0.05
2 0.0171875 0.228125 0.028125 0.0609375
2 0.0671875 0.54921875 0.0328125 0.0515625
2 0.0328125 0.81171875 0.0296875 0.0578125
2 0.65234375 0.90546875 0.04375 0.0734375
2 0.54609375 0.4875 0.028125 0.0578125
2 0.671875 0.56875 0.0359375 0.053125
2 0.91171875 0.69140625 0.053125 0.0734375