2 0.925 0.42890625 0.021875 0.0375
2 0.915625 0.69921875 0.0640625 0.115625
2 0.875 0.83359375 0.0640625 0.125
2 0.81796875 0.93046875 0.0828125 0.134375
2 0.69609375 0.9546875 0.0828125 0.090625
2 0.61484375 0.9515625 0.078125 0.096875
2 0.55703125 0.96171875 0.0703125 0.0765625
2 0.44140625 0.9609375 0.0578125 0.078125
2 0.44453125 0.87578125 0.0671875 0.1078125
2 0.50078125 0.7921875 0.046875 0.0921875
2 0.5640625 0.8171875 0.0390625 0.0796875
2 0.57890625 0.74765625 0.053125 0.0828125
2 0.52265625 0.68984375 0.046875 0.078125
2 0.56328125 0.68671875 0.053125 0.0859375
2 0.44609375 0.7421875 0.05625 0.08125
2 0.4578125 0.803125 0.04375 0.0828125
2 0.44375 0.67890625 0.0546875 0.09375
2 0.33125 0.415625 0.05 0.0671875
2 0.49296875 0.6578125 0.0578125 0.0875
2 0.73125 0.8046875 0.075 0.1375
2 0.265625 0.1921875 0.01875 0.0328125
2 0.27578125 0.2015625 0.0171875 0.0328125
2 0.2984375 0.25234375 0.0140625 0.03125
2 0.25546875 0.278125 0.015625 0.028125
2 0.18515625 0.03828125 0.021875 0.0296875
2 0.18359375 0.07421875 0.0203125 0.028125
2 0.165625 0.01875 0.0171875 0.025