2 0.52265625 0.15859375 0.021875 0.03125
2 0.4671875 0.20078125 0.028125 0.0390625
2 0.3671875 0.21015625 0.01875 0.0296875
2 0.453125 0.3125 0.0234375 0.0328125
2 0.5171875 0.22265625 0.0203125 0.034375
2 0.5703125 0.2078125 0.0171875 0.0296875
2 0.78515625 0.5671875 0.0234375 0.046875
2 0.80703125 0.515625 0.0296875 0.046875
2 0.91484375 0.28828125 0.0328125 0.0546875
2 0.9359375 0.3796875 0.0296875 0.04375
2 0.871875 0.50234375 0.0296875 0.040625
2 0.77890625 0.81171875 0.028125 0.04375
2 0.6390625 0.684375 0.0265625 0.04375
2 0.61796875 0.6828125 0.0203125 0.034375
2 0.57734375 0.7546875 0.0203125 0.0390625
2 0.61328125 0.74296875 0.025 0.04375
2 0.6421875 0.71796875 0.0265625 0.03125
2 0.60625 0.94765625 0.0265625 0.1046875