2 0.0328125 0.06796875 0.0328125 0.0515625
2 0.36875 0.034375 0.028125 0.0453125
2 0.45546875 0.16640625 0.03125 0.0671875
2 0.51015625 0.10546875 0.025 0.0421875
2 0.57421875 0.02578125 0.0375 0.0515625
2 0.30859375 0.55625 0.0390625 0.0515625
2 0.309375 0.6078125 0.034375 0.05
2 0.31796875 0.80859375 0.0328125 0.05
2 0.45234375 0.67265625 0.021875 0.04375
2 0.44609375 0.78046875 0.0265625 0.04375
2 0.4125 0.80390625 0.01875 0.04375
2 0.35 0.62890625 0.0234375 0.0453125
2 0.25 0.64140625 0.028125 0.04375
2 0.678125 0.0234375 0.040625 0.04375
2 0.0109375 0.646875 0.021875 0.0546875