2 0.8703125 0.47890625 0.0328125 0.0515625
2 0.8875 0.31953125 0.0328125 0.059375
2 0.93046875 0.353125 0.0296875 0.046875
2 0.98046875 0.334375 0.0234375 0.0546875
2 0.934375 0.1640625 0.0328125 0.0515625
2 0.90078125 0.1375 0.0296875 0.04375
2 0.90234375 0.08671875 0.03125 0.053125
2 0.86640625 0.08515625 0.0234375 0.04375
2 0.8171875 0.1984375 0.0265625 0.0484375
2 0.74765625 0.0546875 0.025 0.0390625
2 0.71953125 0.07890625 0.0203125 0.0390625
2 0.69609375 0.10078125 0.0234375 0.0359375
2 0.7046875 0.12734375 0.021875 0.0453125
2 0.7546875 0.33203125 0.021875 0.053125
2 0.81328125 0.43125 0.028125 0.0484375
2 0.80546875 0.30625 0.0265625 0.0546875
2 0.8265625 0.32265625 0.0234375 0.046875
2 0.8375 0.35390625 0.03125 0.046875
2 0.86875 0.34296875 0.021875 0.046875
2 0.80859375 0.71875 0.021875 0.0421875
2 0.76640625 0.64140625 0.0203125 0.0390625
2 0.97109375 0.8015625 0.0359375 0.0640625
2 0.828125 0.5046875 0.025 0.046875
2 0.89453125 0.521875 0.0265625 0.040625
2 0.959375 0.040625 0.0296875 0.0453125
2 0.92890625 0.0078125 0.0015625 0.003125
2 0.43203125 0.5046875 0.0203125 0.034375
2 0.36796875 0.5140625 0.0234375 0.040625
2 0.44921875 0.60859375 0.021875 0.0359375
2 0.4140625 0.6125 0.01875 0.03125
2 0.30234375 0.74453125 0.0234375 0.0328125
2 0.3484375 0.75625 0.01875 0.028125
2 0.41484375 0.85078125 0.025 0.0390625
2 0.4421875 0.778125 0.0203125 0.034375
2 0.8359375 0.109375 0.0234375 0.046875
2 0.81328125 0.140625 0.028125 0.040625
2 0.80078125 0.103125 0.0234375 0.034375
2 0.7859375 0.665625 0.0203125 0.0328125
2 0.93125 0.0296875 0.028125 0.04375
2 0.95703125 0.01328125 0.0390625 0.0265625
2 0.3515625 0.94765625 0.021875 0.034375
2 0.25703125 0.9046875 0.025 0.034375
2 0.3296875 0.58828125 0.01875 0.03125
2 0.78046875 0.44609375 0.0203125 0.0375
2 0.8734375 0.5234375 0.021875 0.04375
2 0.809375 0.53671875 0.01875 0.025
2 0.3796875 0.71015625 0.015625 0.03125
2 0.47890625 0.61328125 0.021875 0.0328125