2 0.59296875 0.5015625 0.0359375 0.065625
2 0.51015625 0.55625 0.028125 0.04375
2 0.47578125 0.68984375 0.0375 0.046875
2 0.42421875 0.7546875 0.0296875 0.059375
2 0.19609375 0.54765625 0.0328125 0.046875
2 0.27734375 0.69609375 0.0265625 0.04375
2 0.5125 0.409375 0.028125 0.0578125
2 0.584375 0.38515625 0.0390625 0.0515625
2 0.4875 0.290625 0.025 0.040625
2 0.2359375 0.8609375 0.028125 0.040625
2 0.2984375 0.8359375 0.028125 0.0546875
2 0.47734375 0.91328125 0.028125 0.046875
2 0.3875 0.21015625 0.0296875 0.04375