2 0.4109375 0.19765625 0.0453125 0.059375
2 0.4265625 0.146875 0.0359375 0.0625
2 0.50625 0.23203125 0.05 0.0828125
2 0.39609375 0.5109375 0.05 0.0859375
2 0.1703125 0.60859375 0.0484375 0.078125
2 0.1078125 0.69296875 0.0546875 0.071875
2 0.040625 0.7453125 0.053125 0.078125
2 0.18515625 0.859375 0.0484375 0.08125
2 0.3875 0.690625 0.0546875 0.075
2 0.32265625 0.71640625 0.05 0.071875
2 0.51640625 0.77890625 0.05 0.0859375
2 0.44375 0.87734375 0.0609375 0.0859375
2 0.7140625 0.4578125 0.025 0.0515625
2 0.38203125 0.04375 0.0390625 0.0546875
2 0.01640625 0.6 0.03125 0.1078125