2 0.41328125 0.09609375 0.0484375 0.075
2 0.67265625 0.340625 0.0375 0.0671875
2 0.42890625 0.409375 0.05 0.0828125
2 0.67265625 0.5265625 0.0375 0.0625
2 0.8015625 0.6125 0.040625 0.0671875
2 0.66328125 0.7265625 0.028125 0.04375
2 0.7046875 0.740625 0.0265625 0.0515625
2 0.6453125 0.79296875 0.03125 0.05
2 0.659375 0.88359375 0.0234375 0.0453125
2 0.671875 0.9421875 0.0234375 0.0359375
2 0.715625 0.98203125 0.0234375 0.0359375
2 0.7671875 0.78125 0.028125 0.0625
2 0.7671875 0.64375 0.0328125 0.0671875
2 0.75234375 0.5765625 0.03125 0.0546875
2 0.75625 0.3578125 0.0390625 0.0625
2 0.71328125 0.2921875 0.0359375 0.0625
2 0.61875 0.6203125 0.0421875 0.0703125
2 0.59921875 0.6640625 0.0359375 0.0671875
2 0.45234375 0.4828125 0.0578125 0.090625
2 0.52265625 0.27578125 0.0390625 0.0515625
2 0.24453125 0.08359375 0.0421875 0.05625
2 0.66953125 0.45078125 0.0359375 0.059375