2 0.86640625 0.390625 0.0296875 0.0546875
2 0.84765625 0.21171875 0.0390625 0.05625
2 0.80078125 0.2 0.028125 0.0609375
2 0.80078125 0.32578125 0.028125 0.0546875
2 0.75 0.38359375 0.034375 0.053125
2 0.7390625 0.415625 0.0359375 0.0484375
2 0.709375 0.42734375 0.028125 0.0578125
2 0.7484375 0.5 0.0328125 0.0328125
2 0.83046875 0.5390625 0.0234375 0.040625
2 0.7296875 0.5484375 0.015625 0.0359375
2 0.73828125 0.6125 0.028125 0.034375
2 0.7484375 0.65546875 0.028125 0.028125
2 0.78203125 0.69375 0.0203125 0.0265625
2 0.85625 0.73515625 0.0296875 0.0390625