2 0.87265625 0.4765625 0.0296875 0.046875
2 0.8875 0.325 0.0265625 0.0578125
2 0.93046875 0.3515625 0.0296875 0.05
2 0.90078125 0.13359375 0.028125 0.0453125
2 0.90078125 0.084375 0.03125 0.046875
2 0.93203125 0.16484375 0.0265625 0.053125
2 0.978125 0.33828125 0.03125 0.0484375
2 0.81328125 0.43203125 0.025 0.04375
2 0.82890625 0.5078125 0.025 0.04375
2 0.75859375 0.33984375 0.0234375 0.04375
2 0.69765625 0.1015625 0.01875 0.0375
2 0.7203125 0.078125 0.028125 0.0421875
2 0.7484375 0.0546875 0.028125 0.0453125
2 0.81875 0.1984375 0.0328125 0.0546875
2 0.80234375 0.10390625 0.0265625 0.0484375
2 0.8640625 0.0875 0.0296875 0.0421875
2 0.95859375 0.0140625 0.034375 0.028125
2 0.959375 0.04453125 0.0328125 0.03125
2 0.896875 0.5296875 0.028125 0.034375
2 0.8734375 0.52890625 0.0265625 0.0390625
2 0.76953125 0.6375 0.0203125 0.034375
2 0.81328125 0.71875 0.0171875 0.0390625
2 0.9640625 0.80546875 0.028125 0.05
2 0.83828125 0.353125 0.03125 0.0484375
2 0.809375 0.3046875 0.028125 0.0484375
2 0.3046875 0.73359375 0.025 0.0390625
2 0.33125 0.578125 0.01875 0.0390625
2 0.32734375 0.5328125 0.0265625 0.0421875
2 0.42578125 0.46171875 0.0203125 0.0375
2 0.41875 0.59609375 0.015625 0.0296875
2 0.790625 0.6640625 0.0203125 0.0359375
2 0.7015625 0.1234375 0.0234375 0.040625
2 0.259375 0.9 0.0234375 0.03125
2 0.30859375 0.81171875 0.025 0.034375
2 0.35390625 0.73984375 0.025 0.0484375
2 0.41796875 0.83359375 0.021875 0.040625
2 0.35 0.93359375 0.0265625 0.034375
2 0.25625 0.9375 0.0328125 0.0390625
2 0.82265625 0.803125 0.0171875 0.0296875
2 0.81484375 0.13125 0.0328125 0.059375
2 0.840625 0.109375 0.025 0.046875