2 0.81953125 0.34765625 0.0234375 0.0390625
2 0.8078125 0.21171875 0.025 0.04375
2 0.77734375 0.1953125 0.0234375 0.0453125
2 0.846875 0.07890625 0.0328125 0.05
2 0.68125 0.18359375 0.01875 0.0375
2 0.7203125 0.5265625 0.01875 0.0359375
2 0.73984375 0.471875 0.0203125 0.040625
2 0.79609375 0.61796875 0.021875 0.046875
2 0.7078125 0.6375 0.021875 0.034375
2 0.68046875 0.559375 0.0203125 0.0421875
2 0.7875 0.7484375 0.0234375 0.034375
2 0.01171875 0.23046875 0.01875 0.0421875
2 0.01015625 0.33671875 0.0203125 0.0484375
2 0.03515625 0.8015625 0.01875 0.0328125