2 0.2046875 0.42890625 0.0390625 0.0625
2 0.26640625 0.19375 0.05 0.075
2 0.48046875 0.03046875 0.025 0.0453125
2 0.31484375 0.06484375 0.028125 0.0453125
2 0.62265625 0.06640625 0.0203125 0.04375
2 0.5140625 0.1375 0.0265625 0.04375
2 0.2546875 0.5296875 0.05625 0.078125
2 0.89140625 0.2859375 0.025 0.0421875
2 0.8921875 0.4671875 0.015625 0.0359375
2 0.91328125 0.47421875 0.015625 0.0328125
2 0.96796875 0.5734375 0.0203125 0.0359375
2 0.9765625 0.6890625 0.01875 0.04375
2 0.9921875 0.64296875 0.015625 0.0390625
2 0.99140625 0.34453125 0.0171875 0.0390625
2 0.98515625 0.7578125 0.01875 0.03125
2 0.99140625 0.8015625 0.0171875 0.028125
2 0.75546875 0.0859375 0.025 0.0359375
2 0.88984375 0.18125 0.028125 0.0421875
2 0.1859375 0.48125 0.0390625 0.05625