2 0.815625 0.07578125 0.0328125 0.0578125
2 0.74453125 0.3328125 0.0296875 0.0734375
2 0.8046875 0.35625 0.025 0.05
2 0.74375 0.42265625 0.0328125 0.071875
2 0.7390625 0.4765625 0.025 0.0453125
2 0.79453125 0.51796875 0.034375 0.04375
2 0.83125 0.54453125 0.034375 0.0421875
2 0.80234375 0.565625 0.03125 0.0515625
2 0.684375 0.56171875 0.0296875 0.0578125
2 0.70546875 0.63828125 0.0328125 0.0484375
2 0.7953125 0.68125 0.0328125 0.04375
2 0.99375 0.65234375 0.0125 0.0578125
2 0.6890625 0.68984375 0.0265625 0.0421875
2 0.69921875 0.76484375 0.0203125 0.0390625
2 0.70625 0.80390625 0.015625 0.03125
2 0.74140625 0.8453125 0.0234375 0.03125
2 0.82109375 0.90234375 0.0296875 0.0390625