2 0.92890625 0.34609375 0.0296875 0.046875
2 0.871875 0.47734375 0.0296875 0.065625
2 0.82890625 0.503125 0.0265625 0.0515625
2 0.8078125 0.3109375 0.028125 0.0515625
2 0.82734375 0.32265625 0.01875 0.053125
2 0.8390625 0.35625 0.0296875 0.059375
2 0.890625 0.3203125 0.040625 0.0578125
2 0.97578125 0.33359375 0.0390625 0.06875
2 0.9015625 0.13203125 0.0296875 0.05
2 0.93203125 0.16328125 0.0359375 0.053125
2 0.7484375 0.04921875 0.0328125 0.0453125
2 0.81796875 0.19453125 0.0390625 0.0546875
2 0.69765625 0.09140625 0.0328125 0.0484375
2 0.3875 0.52265625 0.0265625 0.0421875
2 0.446875 0.50859375 0.0328125 0.0453125