2 0.23515625 0.04921875 0.040625 0.0703125
2 0.18515625 0.1671875 0.028125 0.0515625
2 0.28984375 0.284375 0.0359375 0.05625
2 0.2265625 0.41015625 0.03125 0.0515625
2 0.2921875 0.38671875 0.034375 0.0546875
2 0.3796875 0.44921875 0.03125 0.05
2 0.3578125 0.35625 0.03125 0.05
2 0.340625 0.20234375 0.034375 0.0609375
2 0.37109375 0.19375 0.03125 0.053125
2 0.503125 0.18359375 0.0265625 0.0546875
2 0.5234375 0.15703125 0.03125 0.0625
2 0.409375 0.078125 0.025 0.05
2 0.6171875 0.02890625 0.0296875 0.053125
2 0.6625 0.0390625 0.03125 0.0578125
2 0.62578125 0.07421875 0.034375 0.0578125
2 0.5921875 0.2703125 0.0296875 0.0578125
2 0.621875 0.271875 0.028125 0.05625
2 0.69921875 0.221875 0.034375 0.0671875
2 0.73203125 0.128125 0.03125 0.05625
2 0.76640625 0.2828125 0.0359375 0.0640625
2 0.2640625 0.7515625 0.0296875 0.05
2 0.29765625 0.775 0.0234375 0.0484375
2 0.34765625 0.8125 0.0328125 0.04375
2 0.38671875 0.74765625 0.0296875 0.0515625
2 0.37890625 0.69765625 0.03125 0.046875
2 0.4328125 0.5671875 0.034375 0.053125
2 0.0203125 0.28046875 0.028125 0.0421875
2 0.11953125 0.2359375 0.0203125 0.0390625
2 0.43828125 0.61484375 0.0296875 0.0453125
2 0.4453125 0.3890625 0.0265625 0.046875
2 0.40234375 0.26796875 0.0265625 0.0515625
2 0.37578125 0.27890625 0.028125 0.053125
2 0.7390625 0.7546875 0.0203125 0.0359375
2 0.7109375 0.46875 0.0328125 0.0578125
2 0.7359375 0.346875 0.021875 0.0359375
2 0.7546875 0.37265625 0.0234375 0.0453125
2 0.13984375 0.79375 0.0203125 0.0328125
2 0.01484375 0.60078125 0.0203125 0.0359375
2 0.04375 0.484375 0.0203125 0.03125
2 0.1046875 0.47578125 0.0203125 0.0328125
2 0.0875 0.4875 0.0203125 0.0390625
2 0.96796875 0.2875 0.028125 0.0453125
2 0.884375 0.1515625 0.025 0.034375
2 0.83828125 0.09609375 0.0171875 0.03125
2 0.859375 0.0359375 0.021875 0.0421875
2 0.8078125 0.0125 0.0203125 0.025
2 0.95703125 0.021875 0.0234375 0.03125
2 0.96875 0.80234375 0.0203125 0.04375
2 0.921875 0.67890625 0.021875 0.0390625
2 0.94609375 0.4765625 0.0265625 0.0359375
2 0.890625 0.43515625 0.028125 0.034375
2 0.8640625 0.4015625 0.0203125 0.0296875
2 0.70390625 0.340625 0.028125 0.0421875
2 0.83671875 0.1765625 0.021875 0.0375
2 0.5578125 0.1328125 0.028125 0.0546875
2 0.4046875 0.86484375 0.0296875 0.0484375
2 0.284375 0.93203125 0.0296875 0.0375
2 0.46953125 0.3828125 0.0265625 0.0484375
2 0.4296875 0.02265625 0.034375 0.0390625