2 0.625 0.03828125 0.0359375 0.0625
2 0.48671875 0.015625 0.04375 0.03125
2 0.48125 0.0484375 0.034375 0.04375
2 0.5359375 0.23203125 0.0359375 0.046875
2 0.20546875 0.7265625 0.0328125 0.06875
2 0.11796875 0.8546875 0.0390625 0.0609375
2 0.22890625 0.7484375 0.0296875 0.0578125
2 0.25234375 0.73671875 0.0328125 0.065625
2 0.615625 0.38671875 0.0265625 0.0484375
2 0.63671875 0.3953125 0.028125 0.0453125
2 0.59375 0.4265625 0.028125 0.04375
2 0.58359375 0.34921875 0.0203125 0.0390625
2 0.4625 0.34765625 0.0265625 0.0515625
2 0.471875 0.390625 0.0296875 0.046875
2 0.45234375 0.4171875 0.0265625 0.04375
2 0.4375 0.4453125 0.0265625 0.04375
2 0.41796875 0.409375 0.0296875 0.04375
2 0.33828125 0.53203125 0.0296875 0.0515625
2 0.3171875 0.428125 0.03125 0.046875
2 0.015625 0.715625 0.03125 0.059375
2 0.04375 0.065625 0.05 0.084375
2 0.9359375 0.17890625 0.01875 0.0265625
2 0.92578125 0.34921875 0.021875 0.03125
2 0.7890625 0.06640625 0.021875 0.0328125
2 0.83671875 0.4625 0.015625 0.0234375