2 0.4828125 0.4703125 0.034375 0.059375
2 0.30703125 0.3140625 0.025 0.040625
2 0.08828125 0.2703125 0.0328125 0.05625
2 0.1203125 0.2765625 0.0328125 0.0546875
2 0.06015625 0.12421875 0.0328125 0.0765625
2 0.01796875 0.0484375 0.0328125 0.0640625
2 0.0546875 0.50703125 0.04375 0.0609375
2 0.61328125 0.784375 0.05625 0.109375
2 0.6484375 0.56796875 0.053125 0.1015625
2 0.4515625 0.51953125 0.025 0.0484375
2 0.4265625 0.50703125 0.025 0.0578125
2 0.821875 0.91015625 0.0390625 0.059375
2 0.7265625 0.79296875 0.046875 0.08125
2 0.078125 0.87578125 0.05625 0.0640625
2 0.28828125 0.1265625 0.03125 0.05625
2 0.10390625 0.0234375 0.0203125 0.046875
2 0.628125 0.92265625 0.05 0.071875
2 0.5640625 0.921875 0.04375 0.0765625
2 0.4765625 0.54765625 0.028125 0.0515625
2 0.78671875 0.90625 0.0421875 0.0640625
2 0.909375 0.7046875 0.0390625 0.0484375