2 0.603125 0.115625 0.0171875 0.0296875
2 0.625 0.23359375 0.015625 0.0328125
2 0.62265625 0.27734375 0.0125 0.0296875
2 0.63671875 0.28359375 0.0140625 0.021875
2 0.65234375 0.26875 0.015625 0.0265625
2 0.63828125 0.31640625 0.0171875 0.028125
2 0.60859375 0.36875 0.0171875 0.0296875
2 0.5671875 0.32578125 0.015625 0.0265625
2 0.5453125 0.309375 0.0125 0.01875
2 0.5484375 0.25546875 0.0125 0.0265625
2 0.6125 0.40078125 0.0125 0.025
2 0.5546875 0.33671875 0.0140625 0.0265625
2 0.42734375 0.5015625 0.015625 0.01875
2 0.24765625 0.6296875 0.0140625 0.0265625
2 0.2390625 0.4890625 0.0125 0.0203125
2 0.26171875 0.71171875 0.015625 0.0234375
2 0.33828125 0.56640625 0.0140625 0.025
2 0.3453125 0.53671875 0.0125 0.0171875
2 0.7125 0.35859375 0.009375 0.0203125
2 0.54296875 0.340625 0.0109375 0.025