2 0.6328125 0.278125 0.03125 0.0625
2 0.67890625 0.18828125 0.040625 0.05625
2 0.60859375 0.12890625 0.0328125 0.0640625
2 0.56328125 0.06328125 0.04375 0.053125
2 0.71328125 0.03828125 0.034375 0.053125
2 0.1515625 0.1953125 0.025 0.0359375
2 0.13671875 0.3109375 0.0234375 0.0390625
2 0.190625 0.16015625 0.025 0.053125
2 0.571875 0.3203125 0.0390625 0.0703125
2 0.5515625 0.2203125 0.03125 0.053125
2 0.9484375 0.12109375 0.025 0.0390625
2 0.90859375 0.23671875 0.025 0.0421875
2 0.67265625 0.46171875 0.034375 0.059375
2 0.6203125 0.5671875 0.0234375 0.0390625