2 0.175 0.04609375 0.0375 0.053125
2 0.18984375 0.1171875 0.0296875 0.046875
2 0.79453125 0.0625 0.034375 0.0609375
2 0.7375 0.025 0.03125 0.040625
2 0.77578125 0.09296875 0.0265625 0.0375
2 0.7359375 0.296875 0.021875 0.0453125
2 0.7828125 0.31171875 0.028125 0.05
2 0.73046875 0.36875 0.025 0.0328125
2 0.8015625 0.47109375 0.025 0.0421875
2 0.771875 0.45 0.0265625 0.0359375
2 0.73046875 0.4140625 0.03125 0.0421875
2 0.77578125 0.49296875 0.0296875 0.0390625
2 0.69921875 0.47578125 0.025 0.0546875
2 0.77421875 0.6109375 0.034375 0.046875
2 0.9546875 0.5609375 0.03125 0.0484375
2 0.5953125 0.23203125 0.0234375 0.0328125
2 0.59453125 0.1234375 0.028125 0.046875
2 0.43671875 0.0625 0.0265625 0.0359375