2 0.65625 0.3515625 0.0390625 0.0625
2 0.6453125 0.45 0.034375 0.0625
2 0.64375 0.5078125 0.0515625 0.065625
2 0.6078125 0.59140625 0.04375 0.075
2 0.5921875 0.6203125 0.0421875 0.0546875
2 0.7046875 0.56484375 0.028125 0.059375
2 0.74921875 0.596875 0.0359375 0.0640625
2 0.71171875 0.6140625 0.0421875 0.0703125
2 0.72421875 0.36640625 0.0359375 0.0734375
2 0.4609375 0.03359375 0.05 0.0671875
2 0.96328125 0.92734375 0.0359375 0.0671875
2 0.61015625 0.69609375 0.0265625 0.0546875
2 0.71484375 0.75078125 0.0359375 0.0515625
2 0.5984375 0.83828125 0.0328125 0.0515625
2 0.60859375 0.88828125 0.0296875 0.059375
2 0.75390625 0.98046875 0.0328125 0.0390625