2 0.53359375 0.09921875 0.0359375 0.0703125
2 0.565625 0.11484375 0.03125 0.0671875
2 0.0921875 0.02578125 0.04375 0.0515625
2 0.68203125 0.3984375 0.0265625 0.04375
2 0.740625 0.4328125 0.0265625 0.0484375
2 0.7765625 0.46875 0.0234375 0.0515625
2 0.75234375 0.48671875 0.025 0.0421875
2 0.646875 0.46328125 0.03125 0.040625
2 0.6296875 0.49296875 0.0265625 0.0546875
2 0.6765625 0.56953125 0.021875 0.0359375
2 0.6609375 0.621875 0.0234375 0.0359375
2 0.66875 0.69296875 0.021875 0.040625
2 0.678125 0.7375 0.015625 0.03125
2 0.7109375 0.7734375 0.01875 0.03125
2 0.78203125 0.79765625 0.0234375 0.03125
2 0.7546875 0.61875 0.028125 0.05
2 0.7359375 0.03125 0.028125 0.0421875
2 0.6984375 0.06015625 0.021875 0.04375
2 0.72734375 0.07421875 0.0265625 0.053125
2 0.95390625 0.578125 0.0375 0.0609375
2 0.9875 0.76328125 0.025 0.0515625
2 0.7453125 0.7203125 0.0234375 0.04375
2 0.70546875 0.58125 0.021875 0.0359375
2 0.68046875 0.34765625 0.03125 0.0390625
2 0.28125 0.7953125 0.0453125 0.0734375