2 0.90078125 0.1328125 0.0296875 0.04375
2 0.9015625 0.084375 0.03125 0.04375
2 0.95625 0.0140625 0.03125 0.028125
2 0.9359375 0.1640625 0.0265625 0.0515625
2 0.92890625 0.35703125 0.0296875 0.0703125
2 0.8703125 0.4828125 0.025 0.05
2 0.828125 0.51171875 0.028125 0.0515625
2 0.8140625 0.43125 0.028125 0.0484375
2 0.75859375 0.334375 0.0234375 0.046875
2 0.8078125 0.31015625 0.025 0.046875
2 0.8171875 0.20234375 0.0328125 0.053125
2 0.7484375 0.05625 0.0265625 0.0359375
2 0.71953125 0.078125 0.0234375 0.0421875
2 0.6984375 0.0984375 0.0234375 0.040625
2 0.80078125 0.10625 0.021875 0.04375
2 0.8359375 0.1015625 0.025 0.046875
2 0.865625 0.08515625 0.0234375 0.0390625
2 0.76875 0.63359375 0.0203125 0.0390625
2 0.81171875 0.7171875 0.01875 0.0390625
2 0.965625 0.80078125 0.0265625 0.05
2 0.87265625 0.53046875 0.0171875 0.0296875
2 0.8953125 0.52421875 0.0234375 0.0421875
2 0.98125 0.33828125 0.0234375 0.053125
2 0.96015625 0.340625 0.028125 0.046875
2 0.70546875 0.128125 0.0234375 0.03125
2 0.93046875 0.0359375 0.025 0.0390625
2 0.959375 0.0484375 0.0265625 0.0453125
2 0.4421875 0.51328125 0.025 0.0390625
2 0.37578125 0.525 0.021875 0.034375
2 0.45234375 0.61640625 0.0171875 0.0390625
2 0.3296875 0.54609375 0.021875 0.0359375
2 0.33359375 0.59140625 0.021875 0.034375
2 0.30390625 0.74453125 0.0234375 0.0390625
2 0.4125 0.85546875 0.0203125 0.0359375
2 0.44140625 0.7859375 0.01875 0.0296875
2 0.45234375 0.73671875 0.01875 0.0328125
2 0.35078125 0.759375 0.0234375 0.040625
2 0.25703125 0.90390625 0.025 0.0453125
2 0.35390625 0.946875 0.021875 0.0390625
2 0.7921875 0.6625 0.0203125 0.0390625
2 0.3453125 0.0984375 0.0171875 0.028125
2 0.25390625 0.94140625 0.0234375 0.034375
2 0.134375 0.9015625 0.025 0.034375