2 0.88046875 0.02109375 0.0390625 0.0421875
2 0.8453125 0.15546875 0.0390625 0.065625
2 0.8390625 0.20859375 0.0359375 0.0515625
2 0.9109375 0.396875 0.0375 0.0609375
2 0.82421875 0.5328125 0.0328125 0.05625
2 0.9234375 0.47578125 0.034375 0.0578125
2 0.8390625 0.5796875 0.0359375 0.04375
2 0.81328125 0.60859375 0.0296875 0.0546875
2 0.7953125 0.64296875 0.0421875 0.0578125
2 0.6171875 0.4625 0.05 0.0671875
2 0.575 0.15625 0.034375 0.0671875
2 0.33203125 0.1171875 0.04375 0.0671875
2 0.68046875 0.72734375 0.0359375 0.0546875
2 0.65625 0.62578125 0.0390625 0.0625
2 0.59921875 0.9359375 0.03125 0.053125
2 0.8546875 0.82421875 0.0265625 0.0546875
2 0.8625 0.7890625 0.034375 0.0546875