2 0.80703125 0.3078125 0.0265625 0.0546875
2 0.75546875 0.33515625 0.0234375 0.034375
2 0.81328125 0.2 0.0328125 0.0484375
2 0.74765625 0.0546875 0.028125 0.0390625
2 0.7171875 0.07890625 0.021875 0.0390625
2 0.9 0.13671875 0.0296875 0.0421875
2 0.90078125 0.0875 0.034375 0.0484375
2 0.865625 0.08515625 0.028125 0.04375
2 0.95546875 0.01796875 0.04375 0.0359375
2 0.8109375 0.4265625 0.028125 0.0453125
2 0.83046875 0.50859375 0.0234375 0.0390625
2 0.871875 0.48046875 0.0328125 0.0484375
2 0.88828125 0.3234375 0.0265625 0.0453125
2 0.92890625 0.35078125 0.025 0.0421875
2 0.86875 0.340625 0.0265625 0.0359375
2 0.83671875 0.35703125 0.0296875 0.040625
2 0.975 0.33984375 0.0328125 0.05
2 0.93671875 0.165625 0.025 0.040625
2 0.93203125 0.03671875 0.034375 0.040625
2 0.96484375 0.8015625 0.0328125 0.0640625
2 0.81328125 0.7109375 0.0203125 0.0296875
2 0.76640625 0.6296875 0.0234375 0.0390625
2 0.8921875 0.5265625 0.021875 0.0359375
2 0.79921875 0.10390625 0.025 0.0453125
2 0.83671875 0.109375 0.021875 0.05
2 0.86953125 0.5296875 0.021875 0.040625
2 0.7921875 0.66328125 0.021875 0.034375
2 0.4421875 0.5125 0.021875 0.0375
2 0.38828125 0.525 0.021875 0.04375
2 0.3328125 0.54609375 0.021875 0.0390625
2 0.296875 0.571875 0.015625 0.0328125
2 0.33671875 0.590625 0.0234375 0.0296875
2 0.421875 0.621875 0.021875 0.0359375
2 0.45546875 0.61796875 0.0234375 0.0359375
2 0.30546875 0.74296875 0.025 0.0390625
2 0.35859375 0.75625 0.01875 0.034375
2 0.309375 0.815625 0.0203125 0.0359375
2 0.4171875 0.85390625 0.0203125 0.0328125
2 0.44765625 0.7796875 0.0203125 0.04375
2 0.35703125 0.946875 0.0234375 0.0359375
2 0.13828125 0.90078125 0.0171875 0.0296875
2 0.35390625 0.83515625 0.0171875 0.03125
2 0.25703125 0.9015625 0.0234375 0.034375
2 0.2515625 0.9375 0.015625 0.0265625
2 0.6953125 0.0984375 0.0234375 0.0375
2 0.70390625 0.1265625 0.0265625 0.04375
2 0.4140625 0.7359375 0.0171875 0.034375
2 0.384375 0.7125 0.01875 0.0328125