2 0.590625 0.146875 0.0296875 0.05625
2 0.53984375 0.1078125 0.0359375 0.05
2 0.61484375 0.0375 0.0328125 0.0609375
2 0.365625 0.040625 0.03125 0.0453125
2 0.46953125 0.20625 0.0265625 0.0484375
2 0.88125 0.0828125 0.0296875 0.0578125
2 0.90703125 0.046875 0.0328125 0.0515625
2 0.85 0.0890625 0.03125 0.0515625
2 0.56328125 0.1390625 0.0234375 0.05625
2 0.64765625 0.784375 0.0421875 0.0828125
2 0.71640625 0.8953125 0.0453125 0.084375
2 0.7765625 0.90625 0.053125 0.09375
2 0.60078125 0.9265625 0.0515625 0.0859375
2 0.60703125 0.73984375 0.04375 0.059375
2 0.61015625 0.8078125 0.046875 0.078125
2 0.4890625 0.64609375 0.04375 0.0703125
2 0.55390625 0.86484375 0.0390625 0.0765625
2 0.51796875 0.89453125 0.0390625 0.0765625
2 0.765625 0.97265625 0.0546875 0.0546875
2 0.30546875 0.6703125 0.046875 0.0796875
2 0.38125 0.6171875 0.05625 0.08125