2 0.79609375 0.40625 0.04375 0.0765625
2 0.85 0.3046875 0.0453125 0.0765625
2 0.8875 0.1296875 0.040625 0.0734375
2 0.7140625 0.18359375 0.0359375 0.05625
2 0.77109375 0.24375 0.0421875 0.065625
2 0.715625 0.44375 0.040625 0.0625
2 0.7125 0.5609375 0.0328125 0.0703125
2 0.78125 0.72109375 0.03125 0.0578125
2 0.64609375 0.775 0.03125 0.05
2 0.62265625 0.79375 0.034375 0.06875
2 0.55625 0.8125 0.034375 0.0640625
2 0.56484375 0.8578125 0.0359375 0.053125
2 0.50390625 0.85625 0.0296875 0.0578125
2 0.475 0.9078125 0.0390625 0.0515625
2 0.01875 0.6 0.0375 0.075
2 0.0515625 0.6140625 0.0390625 0.065625
2 0.109375 0.72265625 0.025 0.0421875
2 0.2796875 0.45234375 0.021875 0.0328125
2 0.13359375 0.49375 0.0265625 0.046875
2 0.06328125 0.246875 0.028125 0.040625
2 0.10703125 0.1046875 0.0296875 0.0546875
2 0.09140625 0.14453125 0.0234375 0.04375
2 0.11171875 0.1734375 0.0296875 0.0375
2 0.09296875 0.2140625 0.0359375 0.0515625
2 0.07109375 0.21328125 0.028125 0.0375
2 0.22109375 0.0953125 0.0265625 0.040625
2 0.46953125 0.3796875 0.0375 0.053125
2 0.846875 0.61796875 0.0375 0.0734375
2 0.9015625 0.77890625 0.034375 0.059375
2 0.925 0.8125 0.034375 0.0578125