2 0.93046875 0.35234375 0.03125 0.0546875
2 0.9359375 0.159375 0.0265625 0.0484375
2 0.90234375 0.134375 0.0296875 0.04375
2 0.9046875 0.084375 0.0328125 0.0515625
2 0.9578125 0.0140625 0.0328125 0.028125
2 0.74921875 0.053125 0.0265625 0.0421875
2 0.715625 0.07890625 0.015625 0.034375
2 0.81796875 0.19609375 0.028125 0.05625
2 0.8875 0.32734375 0.0296875 0.059375
2 0.80703125 0.30859375 0.01875 0.0375
2 0.759375 0.3359375 0.025 0.0453125
2 0.8125 0.4296875 0.0234375 0.0390625
2 0.83515625 0.41171875 0.0171875 0.025
2 0.83046875 0.5078125 0.028125 0.03125
2 0.871875 0.478125 0.0265625 0.040625
2 0.9796875 0.3390625 0.025 0.046875
2 0.96640625 0.80390625 0.0296875 0.05
2 0.89296875 0.52734375 0.0203125 0.0421875
2 0.87109375 0.528125 0.015625 0.03125
2 0.7671875 0.634375 0.01875 0.034375
2 0.8125 0.7125 0.01875 0.0390625
2 0.8234375 0.80234375 0.021875 0.03125
2 0.4515625 0.6140625 0.021875 0.034375
2 0.37109375 0.52109375 0.021875 0.0390625
2 0.4359375 0.5078125 0.015625 0.04375
2 0.4796875 0.61875 0.01875 0.034375
2 0.303125 0.746875 0.0234375 0.04375
2 0.4421875 0.7828125 0.0265625 0.0328125
2 0.41015625 0.85078125 0.021875 0.0390625
2 0.3515625 0.75625 0.01875 0.028125
2 0.35390625 0.9484375 0.0234375 0.0421875
2 0.25546875 0.9 0.0203125 0.0375
2 0.30625 0.81875 0.015625 0.0359375
2 0.81171875 0.5359375 0.0171875 0.0296875
2 0.83828125 0.35390625 0.025 0.0453125
2 0.93203125 0.034375 0.0234375 0.046875
2 0.959375 0.04609375 0.021875 0.0375
2 0.34453125 0.10078125 0.01875 0.0265625
2 0.78984375 0.65625 0.021875 0.03125
2 0.25078125 0.9375 0.01875 0.0296875
2 0.409375 0.7375 0.0171875 0.028125
2 0.38203125 0.7109375 0.015625 0.0234375
2 0.69765625 0.09765625 0.0203125 0.0421875
2 0.70625 0.13046875 0.0234375 0.040625
2 0.86640625 0.084375 0.0265625 0.0421875
2 0.8375 0.10703125 0.021875 0.0328125
2 0.8015625 0.103125 0.021875 0.0375
2 0.815625 0.13984375 0.025 0.0359375
2 0.8296875 0.44453125 0.0171875 0.03125
2 0.33046875 0.5890625 0.015625 0.0359375
2 0.2921875 0.56953125 0.015625 0.03125
2 0.2484375 0.50234375 0.01875 0.0296875
2 0.32734375 0.54296875 0.021875 0.03125