2 0.04375 0.4796875 0.05625 0.0984375
2 0.67734375 0.2265625 0.025 0.0375
2 0.6765625 0.1203125 0.0234375 0.053125
2 0.74375 0.48125 0.0203125 0.040625
2 0.7625 0.5453125 0.0140625 0.0265625
2 0.746875 0.5921875 0.0171875 0.0390625
2 0.8296875 0.3875 0.0234375 0.05
2 0.8421875 0.28359375 0.0203125 0.0390625
2 0.87421875 0.29453125 0.0265625 0.053125
2 0.88828125 0.44453125 0.0265625 0.053125
2 0.86015625 0.4234375 0.025 0.0390625
2 0.86171875 0.4671875 0.0265625 0.0421875
2 0.79609375 0.4484375 0.0265625 0.0390625
2 0.82890625 0.57578125 0.01875 0.046875
2 0.79140625 0.55078125 0.015625 0.025
2 0.7515625 0.64921875 0.01875 0.03125
2 0.7875 0.7140625 0.0140625 0.0296875
2 0.759375 0.6859375 0.0125 0.0265625
2 0.88828125 0.071875 0.028125 0.0546875
2 0.865625 0.0984375 0.0234375 0.04375
2 0.83515625 0.12265625 0.0265625 0.040625
2 0.80546875 0.2046875 0.0234375 0.0421875
2 0.8109375 0.14765625 0.021875 0.0375
2 0.04921875 0.08125 0.0625 0.0921875
2 0.68203125 0.396875 0.0171875 0.03125