2 0.06171875 0.26328125 0.0390625 0.0765625
2 0.2234375 0.3578125 0.0375 0.06875
2 0.17109375 0.05625 0.0296875 0.0453125
2 0.25625 0.640625 0.028125 0.05625
2 0.09921875 0.64296875 0.0453125 0.04375
2 0.0859375 0.72890625 0.05625 0.0703125
2 0.034375 0.5546875 0.04375 0.0609375
2 0.2875 0.22578125 0.0234375 0.0578125
2 0.29296875 0.37265625 0.0265625 0.0453125
2 0.2125 0.17265625 0.0296875 0.05625
2 0.96953125 0.50390625 0.01875 0.0296875
2 0.95859375 0.4359375 0.0140625 0.0265625
2 0.990625 0.53046875 0.0140625 0.0203125
2 0.9140625 0.6421875 0.0140625 0.01875
2 0.93671875 0.23828125 0.0109375 0.0234375
2 0.9578125 0.18203125 0.009375 0.01875
2 0.54609375 0.18359375 0.015625 0.0125
2 0.2796875 0.46875 0.03125 0.05