2 0.1950736453125 0.35237793125 0.161745859375 0.327740025 0.1274922453125 0.33102509062499996 0.0997190796875 0.3490929265625 0.0766203484375 0.382183909375 0.06639129375 0.43450429062499996 0.07564901562500001 0.5051330093749999 0.08212939375 0.5429111234375 0.133046865625 0.5527662609374999 0.1811870625 0.5429111234375 0.21544060625 0.5199157171875 0.2228468125 0.4558571953125 0.2182179515625 0.39015610624999997 0.1950736453125 0.35237793125
2 0.28950238281249996 0.270251571875 0.27098693906250004 0.19798038125 0.24969422031250002 0.1716999703125 0.2200694671875 0.1569172015625 0.184890165625 0.16348733437500002 0.1506944234375 0.19334975625 0.1441561734375 0.2505412953125 0.1469334484375 0.312957315625 0.16822623750000001 0.34252279375 0.1941478875 0.37701584062500004 0.22469832812499999 0.3868710390625 0.24321377187499998 0.3835859734375 0.27098693906250004 0.35237793125 0.28950238281249996 0.322812453125 0.28950238281249996 0.270251571875
2 0.40892701249999996 0.2636815 0.38578270625 0.235758525 0.3413456125 0.24232865937499998 0.31620368125 0.279556653125 0.304314725 0.340880290625 0.31727555 0.39836874375 0.332087890625 0.44928706093750004 0.362638403125 0.4755674703125 0.4042981515625 0.4657123328125 0.42096208125 0.42793421875000004 0.431145559375 0.3622331328125 0.43207131875 0.303102115625 0.40892701249999996 0.2636815
2 0.590378353125 0.166772371875 0.57093715 0.12078162343750001 0.53483201875 0.105998884375 0.494098028125 0.11092651406250001 0.46910220625 0.1421344625 0.45799296875 0.20783555156250003 0.457067140625 0.25875393125 0.47187955156249994 0.312957315625 0.49780113125 0.33759522343750004 0.5200196796875 0.3441652953125 0.554273221875 0.335952659375 0.5801948718750001 0.2948894796875 0.5968587999999999 0.2620389359375 0.5977845578125 0.21276315 0.590378353125 0.166772371875
2 0.53668360625 0.3589480640625 0.51076195625 0.33759522343750004 0.4894691671875 0.29653204375 0.4681764484375 0.2456136625 0.44503214375000005 0.24889873125 0.41911049375 0.2850343421875 0.40532405312500003 0.337027915625 0.399669290625 0.3720882703125 0.4107785296875 0.42793421875000004 0.42096208125 0.46899739843750005 0.44873524531250003 0.48378010624999995 0.4792856875 0.48378010624999995 0.5126134718750001 0.462427265625 0.5329805046875 0.44107442656250007 0.5440897421875001 0.3934411109375 0.53668360625 0.3589480640625
2 0.7709039343749999 0.16512983750000002 0.751462803125 0.1174965546875 0.726466840625 0.0961437140625 0.7014710187500001 0.0895736109375 0.6726851640625 0.10303776875 0.66351444375 0.2636815 0.6690689921875 0.2866768421875 0.6912876078125 0.3047446796875 0.719060775 0.30967224843749996 0.7357245625 0.29981711093749996 0.7570173515625 0.2735366375 0.7727554515625 0.2456136625 0.7773843125 0.2061930171875 0.7709039343749999 0.16512983750000002
2 0.8338564734375 0.1963378796875 0.8431141953125 0.16512983750000002 0.846817228125 0.11585405468750001 0.8412626796874999 0.0616507 0.8245987515625 0.0173023890625 0.7977514140624999 0.004162184375 0.7709039343749999 0.002519653125 0.7431307687500001 0.030442625 0.71435183125 0.06609195625 0.7283184968749999 0.09942878125 0.7496111453125 0.12078162343750001 0.768126590625 0.1487045671875 0.7727554515625 0.1815551078125 0.768126590625 0.2275458890625 0.7838648312500001 0.22918839218749998 0.7921967234375 0.22918839218749998 0.8171925453125001 0.2176907828125 0.8338564734375 0.1963378796875
2 0.98846040625 0.15527470000000002 0.9643904125 0.1454195296875 0.9366172453124999 0.1487045671875 0.906066734375 0.16348733437500002 0.8903286343750001 0.19305287499999998 0.877546275 0.2364532046875 0.8764420515625 0.2669665671875 0.8847739453125 0.312957315625 0.89403166875 0.35730556406249997 0.9153244562499999 0.385228475 0.9458749687499999 0.385228475 0.98383154375 0.38030090625 0.9986439562499999 0.3540204953125 0.9977181281249999 0.16348733437500002 0.98846040625 0.15527470000000002
2 0.41170435781250003 0.705521278125 0.386708465625 0.685811003125 0.356158025 0.6890960078125 0.33124997968750003 0.6982758640625 0.3098694140625 0.7318017515624999 0.31264668906250004 0.7679372984375 0.32005289375 0.81064310625 0.3422714421875 0.8319958843749999 0.37745074375 0.8270683796875 0.407075496875 0.8057154750000001 0.42003625156249996 0.7810775671875 0.4172589765625 0.7465844578125 0.41170435781250003 0.705521278125
2 0.7218379796875001 0.45914219999999994 0.6949906421875001 0.41807902031250005 0.67092050625 0.40001124375 0.641295825 0.40329631250000003 0.6172258312500001 0.429576721875 0.592824053125 0.47865353125 0.590378353125 0.5346984875 0.595932971875 0.579046734375 0.6033391781249999 0.6020420765625001 0.6246318953125 0.6217525421875 0.6625886140625 0.63325011875 0.6940648125 0.611897278125 0.7209122921875 0.5642640890624999 0.7273926687500001 0.5067755125 0.7218379796875001 0.45914219999999994
2 0.6922132953125 0.7745074328125 0.703322534375 0.7350868171875 0.7060998796875 0.700593709375 0.7042483640625 0.6693857296875 0.6949906421875001 0.6414627562499999 0.6894359515625 0.62832255 0.676475196875 0.6217525421875 0.64870203125 0.6348926203125 0.62185469375 0.6201099140624999 0.615374175 0.6003995765625 0.6090277562499999 0.601806240625 0.58945259375 0.6365351875 0.5718629078124999 0.6841684359375 0.5727886671875 0.7350868171875 0.5792691140625 0.771222428125 0.5950072140625 0.8007878421875001 0.62278038125 0.82049824375 0.6524050625 0.82049824375 0.6690689921875 0.818855740625 0.6783267125 0.7975028375 0.6922132953125 0.7745074328125
2 0.593155696875 0.79257520625 0.577417528125 0.7564396578125 0.574640253125 0.7088063453125 0.5829722187499999 0.6693857296875 0.5977845578125 0.6365351875 0.6061164531250001 0.6201099140624999 0.592229940625 0.6020420765625001 0.5534722015625 0.59770115 0.5403866390625 0.6201099140624999 0.524648540625 0.6496753921875 0.5237227812499999 0.68745363125 0.52650005625 0.7400143859375 0.5394608812499999 0.7679372984375 0.556124809375 0.7958603375 0.5755660109375 0.8057154750000001 0.59408145625 0.8155706140625 0.6107453140625 0.817213115625 0.593155696875 0.79257520625
2 0.776458625 0.5346984875 0.767200903125 0.48378010624999995 0.7468339421875 0.4328617875 0.7155092375 0.4314449921875 0.719060775 0.46078476406249996 0.73202153125 0.5297709187499999 0.710728740625 0.5856168046875 0.6829555734375 0.6217525421875 0.69684215625 0.63325011875 0.7227638078124999 0.6316075546875 0.7468339421875 0.61846735 0.7662750734375 0.5823317390625 0.776458625 0.5346984875
2 0.9347655890625 0.7531546546875 0.93106255625 0.6973086421875 0.906992421875 0.6578880265625 0.8866254609374999 0.64639045 0.844040025 0.6578880265625 0.8196759046875 0.6880131375 0.8255245812500001 0.690738571875 0.8088606515625001 0.7400143859375 0.8199698906249999 0.8024304703125 0.834782303125 0.8599189218750001 0.8570007796875 0.8911268375000001 0.8829224296874999 0.892769465625 0.9116212828125001 0.8582762953125 0.9338399015625001 0.8122856078125 0.9347655890625 0.7531546546875
2 0.9282852109374999 0.9453302859375 0.9514295171875 0.9716106968749999 0.9875347187499999 0.9650405609374999 0.9958666109375001 0.9190498765624999 0.9921635796875 0.8845568296874999 0.9736481343750001 0.8484211578125 0.94124610625 0.8500636578125 0.9249999796875 0.87684729375 0.9282852109374999 0.9453302859375
2 0.2386573859375 0.460180625 0.24321377187499998 0.4985628765625 0.269135421875 0.560978896875 0.2756158 0.6003995765625 0.3006116921875 0.5856168046875 0.32468175625 0.5642640890624999 0.3256075140625 0.5084180140625 0.3089435859375 0.4640698296875 0.2756158 0.4509295640625 0.2386573859375 0.460180625
2 0.593155696875 0.9568279265624999 0.59513886875 0.9958949109375 0.593155696875 1 0.7486854578125001 0.98803596875 0.7357245625 0.953542921875 0.718134946875 0.9108372390625 0.7014710187500001 0.8796291999999999 0.65981126875 0.8796291999999999 0.6366669640625 0.8960544703125001 0.6125969703125 0.915764746875 0.593155696875 0.9568279265624999
2 0.7829390015625 1 0.8199698906249999 0.9946061015625001 0.844040025 0.9650405609374999 0.845891540625 0.9059096078125 0.8329306437499999 0.8352810140625 0.81071216875 0.8007878421875001 0.7727554515625 0.799145340625 0.7374999796874999 0.8255336625 0.71720911875 0.8911268375000001 0.755165834375 1 0.7829390015625 1