2 0.45 0.14484185624999998 0.43499999999999994 0.120603015625 0.40833333281249995 0.120603015625 0.39 0.1331658296875 0.38166666718750003 0.1582914578125 0.385 0.2035175875 0.3933333328125 0.21608040156250002 0.41764705781250006 0.21578480625 0.43333333281249997 0.2069169375 0.444117646875 0.196571090625 0.45392156874999995 0.184747265625 0.454901959375 0.184747265625 0.454901959375 0.1581436578125 0.45 0.14484185624999998
2 0.663725490625 0.175879396875 0.684313725 0.175879396875 0.704901959375 0.169967484375 0.713725490625 0.1418859 0.715686275 0.116760271875 0.7029411765625 0.1034584703125 0.68039215625 0.096068578125 0.66470588125 0.1034584703125 0.659803921875 0.119716228125 0.65 0.1492757921875 0.663725490625 0.175879396875
2 0.313725490625 0.21135087187499998 0.30490195937500003 0.2394324578125 0.31470588125 0.270469996875 0.3284313734375 0.2837717984375 0.345098040625 0.2837717984375 0.354901959375 0.2734259515625 0.36176470625 0.2542122390625 0.363725490625 0.234998521875 0.3607843140625 0.217262784375 0.3509803921875 0.20396098281250002 0.3323529421875 0.19804906718749998 0.313725490625 0.21135087187499998
2 0.5247839921875 0.58619439375 0.514374040625 0.5972720828125 0.5094752406249999 0.620350603125 0.510699940625 0.6425059796875 0.5180481421875001 0.6646613593749999 0.5315198421875 0.66743078125 0.54927799375 0.66004565625 0.5541767937500001 0.6526605296875 0.5621373453125 0.6397365578125 0.5621373453125 0.615734896875 0.5590755953125 0.5972720828125 0.54560389375 0.5889638171875 0.5247839921875 0.58619439375
2 0.513149340625 0.5640390156249999 0.505801140625 0.5557307484375 0.498452940625 0.5483456203125 0.4880429890625 0.5474224796875 0.4788577390625 0.5520381828125001 0.4715095359375 0.5585001703125 0.4659983859375 0.567731578125 0.46232428593749997 0.5825018296875 0.46477368593749996 0.6028109265625 0.47028483593750003 0.620350603125 0.4794700890625 0.6305051500000001 0.4904923890625 0.6341977140624999 0.502127040625 0.6240431656250001 0.510087590625 0.6092729125 0.5155987421875 0.5898869578125 0.5155987421875 0.5797324078125 0.513149340625 0.5640390156249999
2 0.33679252656249997 0.75512915625 0.3257702265625 0.7495903109375 0.313523225 0.759744859375 0.3043379734375 0.77636139375 0.3031132734375 0.7966704906250001 0.308012075 0.812363884375 0.316584975 0.82067215 0.3263825765625 0.8271341359375001 0.3398542765625 0.8271341359375001 0.35210127812500003 0.8234415734375 0.357612428125 0.803132475 0.358224778125 0.7855928015625 0.357612428125 0.768976265625 0.348427178125 0.761591140625 0.33679252656249997 0.75512915625
2 0.0672004609375 0.7744670921875 0.055705645312499996 0.790462971875 0.0530529953125 0.80645885 0.061010945312499995 0.8131237984374999 0.07073732656250001 0.8264536984375 0.075158409375 0.843782565625 0.089305875 0.8397835953125 0.10168490781249999 0.8251207078125 0.10610599218750001 0.8117908093749999 0.10699020625 0.790462971875 0.097263825 0.77313410625 0.0840005765625 0.7678021453125 0.0672004609375 0.7744670921875
2 0.46156105937499997 0.347910346875 0.46863479375 0.373237153125 0.47747695781250005 0.373237153125 0.500466590625 0.3705711734375 0.51196140625 0.3625732359375 0.5163824890625001 0.33458045 0.5057718906249999 0.309253640625 0.4907402078125 0.3052546734375 0.478361175 0.3065876609375 0.4650979265625 0.3185845703125 0.46156105937499997 0.347910346875
2 0.9284274203124999 0.1972824953125 0.9363853703125 0.21727734375000002 0.9505328343749999 0.2226093015625 0.9646803 0.2212763109375 0.9761751171874999 0.20794641406249997 0.978827765625 0.17862063749999998 0.9717540328125001 0.16129176875 0.9576065687499999 0.1519608421875 0.942574884375 0.16129176875 0.9337327203125 0.1692897078125 0.9284274203124999 0.1972824953125
2 0.7798790328125 0.622506253125 0.7913738484375 0.63850213125 0.8064055296875001 0.643834090625 0.8196687796875001 0.6425010999999999 0.8258582953125 0.622506253125 0.8258582953125 0.6011784140625 0.8099423968749999 0.5891815078125 0.7993317984375 0.5825165578125 0.784300115625 0.5838495484374999 0.7781106 0.599845425 0.7798790328125 0.622506253125
2 0.38375 0.341245396875 0.3881710828125 0.35990725625 0.3961290328125 0.36790519375 0.4173502296875 0.366572203125 0.426192396875 0.34524436718749996 0.4297292640625 0.3172515796875 0.42353974687499996 0.301255703125 0.413813365625 0.29592374375 0.3908237328125 0.301255703125 0.38375 0.32125054999999997 0.38375 0.341245396875
2 0.40143433125000005 0.8491145250000001 0.411160715625 0.8331186453124999 0.42088709687500003 0.8251207078125 0.4368029953125 0.8291196781249999 0.4368029953125 0.815789778125 0.43061347968749997 0.8011268921875001 0.4155817984375 0.7917959625 0.3996658984375 0.7944619421875 0.3881710828125 0.8051258593749999 0.3855184328125 0.8224547281250001 0.3881710828125 0.8424495750000001 0.40143433125000005 0.8491145250000001
2 0.5880040328125 0.5185330453125 0.5880040328125 0.547858821875 0.5994988484375 0.5625217109375 0.6109936640625 0.5691866578125 0.626025346875 0.5678536703125 0.633099078125 0.5558567609375 0.6401728109375 0.5358619140624999 0.643709678125 0.5172000546875 0.6313306453124999 0.501204178125 0.6171831796875 0.48920726875 0.608341015625 0.494539228125 0.60126728125 0.49720520781250005 0.5880040328125 0.5185330453125
2 0.9133957390624999 0.0146628875 0.89571140625 0.01866185625 0.8833323734375 0.037323715625 0.8789112921875001 0.0533195921875 0.8842165906250001 0.0746474296875 0.8992482734375 0.06531650312500001 0.9125115218750001 0.0666494921875 0.922237903125 0.077313409375 0.9284274203124999 0.08531135 0.93903801875 0.077313409375 0.9399222343750001 0.045321653125 0.9363853703125 0.02532680625 0.9231221203125 0.0213278359375 0.9133957390624999 0.0146628875
2 0.79314228125 0.68915574375 0.8117108296875 0.6864897640625001 0.8223214296875 0.6851567765625 0.8311635953125001 0.70248564375 0.840889978125 0.7211475 0.847963709375 0.7038186328125 0.84442684375 0.68115780625 0.8373531109375 0.662495946875 0.8170161296874999 0.6558309999999999 0.8037528796875 0.6611629578125 0.7940264984375001 0.67449285625 0.79314228125 0.68915574375
2 0.160043203125 0.277261884375 0.14412730468749999 0.28259384375 0.134400921875 0.3052546734375 0.13351670468750002 0.322583540625 0.14235887187500001 0.33724642656250003 0.1609274203125 0.34391137656250004 0.1733064515625 0.34391137656250004 0.1812644015625 0.329248490625 0.19010656718750002 0.3039216828125 0.18391705 0.28925879375 0.1733064515625 0.2732629171875 0.160043203125 0.277261884375
2 0.9611434328125 0.75313925625 0.95495391875 0.7358103890625001 0.9469959687499999 0.7144825531250001 0.9363853703125 0.7251464703125 0.9257747703125 0.7424753390625 0.9284274203124999 0.765136165625 0.9399222343750001 0.77313410625 0.95230126875 0.7704681250000001 0.9611434328125 0.75313925625