2 0.21625 0.1516709515625 0.216875 0.1662382171875 0.22125 0.1679520140625 0.22999999999999998 0.16281062500000001 0.228125 0.1525278484375 0.22312500000000002 0.14995715468749998 0.21625 0.1516709515625
2 0.23500000000000001 0.2536418171875 0.22749999999999998 0.24935732656249998 0.21937500000000001 0.2562125109375 0.21875 0.264781490625 0.225 0.2699228796875 0.23312499999999997 0.2682090828125 0.2375 0.262210796875 0.23500000000000001 0.2536418171875
2 0.309375 0.44987146562499997 0.309375 0.4421593828125 0.305 0.43701799531249996 0.2975 0.436161096875 0.2925 0.4404455875 0.291875 0.4490145671875 0.29625 0.45501285312500006 0.305 0.45501285312500006 0.309375 0.44987146562499997
2 0.35625 0.41473864687499995 0.35625 0.40788346249999996 0.351875 0.40102827812499997 0.34562499999999996 0.40017137968750005 0.339375 0.40616966562499995 0.338125 0.41302485000000005 0.34187500000000004 0.41988003437500004 0.35 0.4207369328125 0.35625 0.41473864687499995
2 0.40374999999999994 0.4490145671875 0.40374999999999994 0.438731790625 0.4 0.4344473 0.39249999999999996 0.4344473 0.3875 0.43958868906250004 0.38625 0.447300771875 0.39 0.4541559546875 0.40062499999999995 0.4541559546875 0.40374999999999994 0.4490145671875
2 0.27999999999999997 0.2656383890625 0.27937500000000004 0.25792630625 0.275625 0.25278491875000003 0.268125 0.25278491875000003 0.2625 0.262210796875 0.2625 0.26906598125 0.26749999999999996 0.27420736875 0.27625 0.273350471875 0.27999999999999997 0.2656383890625
2 0.18375 0.3821765203125 0.185 0.36932305 0.1825 0.3641816625 0.174375 0.3641816625 0.168125 0.36932305 0.1675 0.3796058265625 0.171875 0.3864610109375 0.17875000000000002 0.3864610109375 0.18375 0.3821765203125
2 0.315625 0.41388174843750003 0.315625 0.4044558703125 0.31124999999999997 0.39931448125 0.3025 0.3984575828125 0.29812500000000003 0.4044558703125 0.2975 0.41216795156249997 0.30125 0.41988003437500004 0.31124999999999997 0.41988003437500004 0.315625 0.41388174843750003
2 0.080625 0.4233076265625 0.080625 0.41473864687499995 0.074375 0.40702656406250004 0.0675 0.40702656406250004 0.061875 0.41216795156249997 0.060625 0.4215938296875 0.063125 0.42673521875000003 0.0725 0.4293059125 0.080625 0.4233076265625
2 0.121875 0.29134532968750004 0.121875 0.28534704375 0.11687499999999999 0.2819194515625 0.10874999999999999 0.28277635 0.10375000000000001 0.2879177375 0.1 0.29820051406250003 0.110625 0.3050556984375 0.11687499999999999 0.3041988 0.121875 0.29134532968750004
2 0.170625 0.1311053984375 0.161875 0.129391603125 0.15562499999999999 0.1362467859375 0.15687500000000001 0.148243359375 0.166875 0.15509854375 0.173125 0.15509854375 0.175625 0.1431019703125 0.170625 0.1311053984375
2 0.23500000000000001 0.36675235625 0.23500000000000001 0.3607540703125 0.23125 0.35389888593749996 0.226875 0.3513281921875 0.21625 0.35389888593749996 0.215 0.3658954578125 0.21937500000000001 0.37617823437500003 0.22937500000000002 0.37617823437500003 0.23500000000000001 0.36675235625
2 0.1575 0.3856041125 0.15125 0.3701799484375 0.14250000000000002 0.371036846875 0.139375 0.39417309375 0.14250000000000002 0.40017137968750005 0.151875 0.40017137968750005 0.15562499999999999 0.39588688906249997 0.1575 0.3856041125
2 0.2625 0.42109375 0.0203125 0.0265625
2 0.275 0.42578125 0.015625 0.0328125
2 0.28671875 0.43984375 0.01875 0.028125
2 0.36875 0.5015625 0.0171875 0.0234375
2 0.3765625 0.48828125 0.021875 0.028125
2 0.36015625 0.503125 0.021875 0.03125
2 0.2734375 0.5359375 0.01875 0.0234375
2 0.2578125 0.546875 0.0171875 0.0234375
2 0.0375 0.45625 0.021875 0.03125
2 0.0421875 0.4921875 0.0203125 0.025
2 0.01640625 0.3765625 0.0171875 0.028125
2 0.01171875 0.3359375 0.0171875 0.0234375
2 0.1171875 0.50078125 0.0171875 0.0203125
2 0.12890625 0.5046875 0.0171875 0.028125
2 0.140625 0.49609375 0.0171875 0.025
2 0.178125 0.471875 0.0171875 0.025
2 0.25625 0.3109375 0.01875 0.0265625
2 0.321875 0.46015625 0.0203125 0.025
2 0.01640625 0.46875 0.0234375 0.0265625
2 0.03671875 0.38984375 0.0203125 0.028125
2 0.04375 0.37109375 0.025 0.0203125
2 0.844375 0.4275921171875 0.8425 0.4301628109375 0.844375 0.436161096875 0.849375 0.43787489218750003 0.85375 0.43273350468749994 0.851875 0.42673521875000003 0.844375 0.4275921171875
2 0.67625 0.501285346875 0.6743750000000001 0.4927163671875 0.66875 0.49185946875 0.665625 0.496143959375 0.665625 0.5072836328125 0.67625 0.501285346875
2 0.6325000000000001 0.452442159375 0.631875 0.45672664999999996 0.635 0.46272493593749997 0.6425 0.46101113906249996 0.641875 0.44987146562499997 0.63625 0.4490145671875 0.6325000000000001 0.452442159375
2 0.9199999999999999 0.5021422453125 0.9193749999999999 0.510711225 0.923125 0.5141388171875 0.93 0.51328191875 0.9324999999999999 0.5098543265625 0.92875 0.4995715515625 0.9199999999999999 0.5021422453125
2 0.70625 0.4284490140625 0.703125 0.422450728125 0.6950000000000001 0.422450728125 0.693125 0.425021421875 0.69375 0.4353041984375 0.7 0.43701799531249996 0.7056250000000001 0.4344473 0.70625 0.4284490140625
2 0.7275 0.40788346249999996 0.7262500000000001 0.401885175 0.7224999999999999 0.39931448125 0.713125 0.3976006859375 0.71 0.401885175 0.709375 0.41045415625 0.7125 0.41388174843750003 0.725 0.4113110546875 0.7275 0.40788346249999996
2 0.945625 0.422450728125 0.946875 0.4113110546875 0.944375 0.40616966562499995 0.934375 0.4044558703125 0.9324999999999999 0.40702656406250004 0.93125 0.41473864687499995 0.9337500000000001 0.4215938296875 0.93875 0.424164525 0.945625 0.422450728125