2 0.4296875 0.1875 0.05625 0.071875
2 0.37578125 0.31171875 0.05 0.078125
2 0.31171875 0.43359375 0.053125 0.0703125
2 0.2203125 0.36875 0.05 0.0640625
2 0.171875 0.31875 0.046875 0.0625
2 0.425 0.69765625 0.046875 0.0703125
2 0.34140625 0.48203125 0.0625 0.0734375
2 0.33984375 0.37578125 0.0609375 0.0828125
2 0.56328125 0.096875 0.0546875 0.078125
2 0.5328125 0.86640625 0.053125 0.0625
2 0.3140625 0.8609375 0.046875 0.0734375
2 0.1859375 0.553125 0.0578125 0.0765625
2 0.1296875 0.43671875 0.053125 0.078125
2 0.153125 0.52890625 0.0328125 0.065625
2 0.478125 0.29453125 0.0484375 0.06875
2 0.20234375 0.39765625 0.046875 0.0609375
2 0.0328125 0.1625 0.0453125 0.065625
2 0.8296875 0.02578125 0.040625 0.0484375
2 0.89296875 0.61640625 0.040625 0.05
2 0.521875 0.6296875 0.059375 0.0671875
2 0.834375 0.36015625 0.0421875 0.0625
2 0.53046875 0.48515625 0.05 0.0765625
2 0.9046875 0.0453125 0.0515625 0.075