2 0.4328125 0.1875 0.0703125 0.090625
2 0.37890625 0.3078125 0.065625 0.090625
2 0.34140625 0.37890625 0.0625 0.0984375
2 0.31328125 0.43125 0.0625 0.078125
2 0.3453125 0.48359375 0.0703125 0.1078125
2 0.1671875 0.3296875 0.0484375 0.0875
2 0.1265625 0.4359375 0.059375 0.1
2 0.1859375 0.5546875 0.065625 0.0953125
2 0.4265625 0.69609375 0.059375 0.075
2 0.52890625 0.86875 0.0640625 0.0828125
2 0.521875 0.625 0.0734375 0.1078125
2 0.56328125 0.09375 0.0625 0.1
2 0.03515625 0.16484375 0.059375 0.0765625
2 0.31328125 0.86015625 0.0625 0.0734375
2 0.4796875 0.2984375 0.065625 0.0921875