0 0.1109375 0.015625 0.0171875 0.028125
0 0.1375 0.17421875 0.00625 0.009375
0 0.14375 0.184375 0.0078125 0.009375
0 0.15 0.1765625 0.009375 0.0078125
0 0.15859375 0.1828125 0.0109375 0.009375
0 0.14375 0.19375 0.009375 0.009375
0 0.13984375 0.01328125 0.025 0.0265625
0 0.30078125 0.296875 0.0234375 0.040625
0 0.30078125 0.34765625 0.0109375 0.0140625
0 0.296875 0.3609375 0.0109375 0.0140625
0 0.30234375 0.36640625 0.0078125 0.015625
0 0.3515625 0.20859375 0.00625 0.0109375
0 0.33046875 0.1890625 0.0046875 0.009375
0 0.378125 0.19765625 0.0078125 0.009375
0 0.378125 0.24140625 0.0078125 0.009375
0 0.3890625 0.2484375 0.0078125 0.009375
0 0.4203125 0.2171875 0.0078125 0.009375
0 0.2203125 0.1359375 0.0078125 0.0171875
0 0.45859375 0.29609375 0.0234375 0.0421875
0 0.4640625 0.31484375 0.0078125 0.015625
0 0.43359375 0.3140625 0.0125 0.0140625
0 0.44609375 0.3171875 0.009375 0.015625
0 0.46328125 0.24765625 0.009375 0.0125
0 0.46953125 0.26796875 0.0109375 0.015625
0 0.47265625 0.25 0.0078125 0.0125
0 0.33515625 0.278125 0.0125 0.015625
0 0.33046875 0.28984375 0.0125 0.0125
0 0.35703125 0.3078125 0.009375 0.0109375
0 0.35234375 0.2921875 0.0046875 0.0078125
0 0.403125 0.3828125 0.0078125 0.015625
0 0.4375 0.4625 0.009375 0.0125
0 0.47421875 0.375 0.0125 0.028125
0 0.51484375 0.31953125 0.0125 0.015625
0 0.51875 0.33671875 0.0078125 0.0125
0 0.509375 0.36015625 0.009375 0.0125
0 0.365625 0.0359375 0.015625 0.0125
0 0.35703125 0.040625 0.0109375 0.015625
0 0.44296875 0.04140625 0.0109375 0.0109375
0 0.45859375 0.0453125 0.0078125 0.0125
0 0.4703125 0.1046875 0.0078125 0.009375
0 0.47265625 0.11171875 0.00625 0.0078125
0 0.46953125 0.11875 0.00625 0.009375
0 0.525 0.08359375 0.0078125 0.0140625
0 0.5296875 0.07265625 0.0109375 0.0125
0 0.35234375 0.053125 0.0078125 0.0125
0 0.36640625 0.23359375 0.0078125 0.0140625
0 0.59453125 0.55859375 0.03125 0.028125
0 0.596875 0.53515625 0.0203125 0.021875
0 0.5515625 0.75546875 0.028125 0.028125
0 0.5609375 0.784375 0.0234375 0.0375
0 0.58203125 0.70859375 0.0234375 0.0296875
0 0.575 0.76875 0.0234375 0.0359375
0 0.57265625 0.8484375 0.009375 0.0203125
0 0.58359375 0.85625 0.00625 0.0125
2 0.5109375 0.809375 0.0375 0.0734375
2 0.56015625 0.903125 0.040625 0.0671875
2 0.59609375 0.89375 0.0359375 0.0578125
0 0.690625 0.8203125 0.0109375 0.0140625
0 0.46484375 0.6484375 0.009375 0.025
0 0.7078125 0.48671875 0.0109375 0.0203125
0 0.7 0.48671875 0.0078125 0.0140625
0 0.69140625 0.4953125 0.009375 0.0125
0 0.73828125 0.459375 0.009375 0.0109375
0 0.7359375 0.446875 0.009375 0.0125
0 0.7140625 0.22890625 0.0078125 0.0140625
0 0.7078125 0.2359375 0.0078125 0.0078125
0 0.60234375 0.14609375 0.009375 0.009375
0 0.63203125 0.04140625 0.0125 0.0109375
0 0.62890625 0.05078125 0.009375 0.0109375
0 0.621875 0.04296875 0.0109375 0.0140625
0 0.71640625 0.01484375 0.0125 0.015625
0 0.8078125 0.02109375 0.0125 0.025
0 0.725 0.1015625 0.0078125 0.0109375
0 0.7 0.178125 0.0046875 0.009375
0 0.6875 0.17890625 0.0078125 0.009375
0 0.70078125 0.1859375 0.0078125 0.009375
0 0.690625 0.209375 0.0078125 0.0125
0 0.690625 0.21953125 0.00625 0.009375
0 0.72109375 0.196875 0.0046875 0.009375
0 0.71796875 0.21015625 0.0046875 0.0125
0 0.73203125 0.22421875 0.0078125 0.009375
0 0.696875 0.2765625 0.0046875 0.0078125
0 0.6890625 0.27109375 0.003125 0.00625
0 0.65078125 0.2921875 0.0046875 0.0078125
0 0.72890625 0.29609375 0.0046875 0.0078125
0 0.79765625 0.3 0.0046875 0.00625
0 0.79921875 0.2953125 0.003125 0.003125
0 0.80390625 0.2859375 0.0046875 0.00625
0 0.7984375 0.28671875 0.0046875 0.0046875
0 0.803125 0.29140625 0.0046875 0.00625
0 0.80078125 0.3015625 0.0046875 0.00625
0 0.80390625 0.3 0.003125 0.0078125
0 0.80703125 0.303125 0.0046875 0.00625
0 0.8203125 0.2828125 0.0046875 0.0078125
0 0.821875 0.27109375 0.003125 0.0078125
0 0.82109375 0.2765625 0.0046875 0.00625
0 0.82421875 0.2734375 0.003125 0.003125
0 0.83046875 0.28515625 0.0046875 0.00625
0 0.8359375 0.28828125 0.003125 0.0046875
0 0.83515625 0.27890625 0.003125 0.0046875
0 0.828125 0.2671875 0.003125 0.0046875
0 0.48359375 0.65703125 0.0078125 0.0125
0 0.50546875 0.67734375 0.00625 0.0125
0 0.5578125 0.66171875 0.0078125 0.009375
0 0.575 0.66171875 0.0109375 0.015625
0 0.5859375 0.6546875 0.0078125 0.0109375
0 0.56875 0.59296875 0.0046875 0.009375
0 0.55859375 0.59375 0.0078125 0.009375
0 0.45546875 0.53359375 0.0078125 0.0171875
0 0.46171875 0.50546875 0.009375 0.009375
0 0.48828125 0.50703125 0.0078125 0.009375
0 0.5078125 0.5390625 0.009375 0.009375
0 0.50859375 0.546875 0.0046875 0.0078125
0 0.5015625 0.54140625 0.00625 0.009375
0 0.62578125 0.51875 0.0078125 0.015625
0 0.5953125 0.43984375 0.009375 0.0125
0 0.5421875 0.3625 0.0046875 0.0140625
0 0.9109375 0.015625 0.0109375 0.0125
0 0.79765625 0.00546875 0.0109375 0.0109375
0 0.78828125 0.040625 0.00625 0.009375
0 0.79453125 0.0375 0.0046875 0.0109375
0 0.89296875 0.1328125 0.00625 0.0109375
0 0.89296875 0.14140625 0.009375 0.0078125
0 0.884375 0.13515625 0.00625 0.0078125
0 0.93671875 0.15390625 0.0078125 0.0109375
0 0.92578125 0.14765625 0.0046875 0.0078125
0 0.7796875 0.10390625 0.003125 0.00625
0 0.77578125 0.06328125 0.0046875 0.0078125
0 0.80078125 0.0890625 0.00625 0.00625
0 0.79921875 0.0546875 0.0046875 0.0046875
0 0.86875 0.05859375 0.009375 0.0078125
0 0.85546875 0.00546875 0.0109375 0.0109375
0 0.90546875 0.01015625 0.00625 0.0078125
0 0.92109375 0.00390625 0.00625 0.00625
0 0.9171875 0.00859375 0.00625 0.00625
0 0.7421875 0.128125 0.0046875 0.00625
0 0.740625 0.1234375 0.009375 0.009375
0 0.76796875 0.1375 0.009375 0.0125
0 0.66171875 0.05859375 0.0203125 0.0234375
0 0.471875 0.22578125 0.0125 0.015625
0 0.50078125 0.25 0.0078125 0.009375
0 0.51953125 0.24921875 0.0078125 0.0125
0 0.5296875 0.23125 0.009375 0.009375
0 0.48125 0.253125 0.00625 0.0078125