2 0.93203125 0.0484375 0.0625 0.0734375
2 0.959375 0.0890625 0.059375 0.0734375
2 0.8734375 0.315625 0.0484375 0.0546875
2 0.9125 0.25625 0.0609375 0.0640625
2 0.68359375 0.10078125 0.0375 0.0546875
2 0.68359375 0.15703125 0.040625 0.053125
2 0.60859375 0.13359375 0.03125 0.046875
2 0.6234375 0.15390625 0.03125 0.0328125
2 0.6171875 0.09296875 0.03125 0.0359375
2 0.76484375 0.22890625 0.028125 0.040625
2 0.8171875 0.41796875 0.03125 0.0578125
2 0.18046875 0.65390625 0.0265625 0.0453125
2 0.1796875 0.5109375 0.0296875 0.053125
2 0.21015625 0.4890625 0.0234375 0.053125
2 0.1921875 0.37578125 0.0453125 0.0640625
2 0.228125 0.2359375 0.0296875 0.0375
2 0.36875 0.20625 0.03125 0.0421875
2 0.25703125 0.1625 0.0265625 0.0375
2 0.284375 0.17265625 0.03125 0.0328125
2 0.31171875 0.13125 0.0359375 0.0453125
2 0.33671875 0.15859375 0.0375 0.0359375
2 0.265625 0.453125 0.0328125 0.0515625
2 0.2234375 0.61484375 0.025 0.0421875
2 0.2515625 0.6640625 0.028125 0.0375
2 0.246875 0.6328125 0.0359375 0.040625
2 0.271875 0.7015625 0.03125 0.0484375
2 0.33046875 0.65703125 0.0234375 0.04375
2 0.396875 0.60859375 0.0375 0.0453125
2 0.36015625 0.66796875 0.028125 0.046875
2 0.4421875 0.7203125 0.046875 0.0546875
2 0.4953125 0.725 0.0296875 0.0578125
2 0.51484375 0.76484375 0.025 0.0296875
2 0.51015625 0.80625 0.028125 0.05
2 0.57109375 0.6953125 0.034375 0.0765625
2 0.5046875 0.4890625 0.0390625 0.0546875
2 0.4828125 0.4609375 0.046875 0.0609375
2 0.43125 0.484375 0.040625 0.059375
2 0.3515625 0.3828125 0.0375 0.0484375
2 0.35546875 0.30546875 0.0390625 0.0515625
2 0.39609375 0.2875 0.03125 0.0453125
2 0.38046875 0.421875 0.0375 0.0515625
2 0.29921875 0.46171875 0.028125 0.0390625
2 0.30546875 0.5421875 0.028125 0.0421875
2 0.34140625 0.51953125 0.028125 0.0421875
2 0.3765625 0.52734375 0.03125 0.040625
2 0.68046875 0.728125 0.0375 0.05625
2 0.6671875 0.3453125 0.03125 0.046875
2 0.709375 0.31484375 0.028125 0.0546875
2 0.73203125 0.2796875 0.0234375 0.040625
2 0.56484375 0.4171875 0.0421875 0.0625
2 0.46640625 0.1390625 0.028125 0.0421875
2 0.51328125 0.0734375 0.0265625 0.0453125
2 0.46640625 0.35 0.053125 0.078125