2 0.0828125 0.128125 0.0203125 0.0328125
2 0.08359375 0.15625 0.01875 0.021875
2 0.0578125 0.21953125 0.0125 0.015625
2 0.140625 0.265625 0.021875 0.0296875
2 0.09140625 0.2875 0.0078125 0.0203125
2 0.1234375 0.38828125 0.0203125 0.0203125
2 0.17421875 0.41015625 0.0234375 0.0328125
2 0.1265625 0.43671875 0.0171875 0.028125
2 0.11328125 0.4515625 0.01875 0.01875
2 0.08515625 0.45625 0.0203125 0.021875
2 0.04921875 0.6359375 0.021875 0.0234375
2 0.05859375 0.68671875 0.0203125 0.025
2 0.05625 0.7421875 0.015625 0.0203125
2 0.05390625 0.7578125 0.0140625 0.015625
2 0.015625 0.7046875 0.015625 0.0140625
2 0.265625 0.75390625 0.01875 0.0234375
2 0.2828125 0.7546875 0.0140625 0.0234375
2 0.2734375 0.70859375 0.0203125 0.028125
2 0.25625 0.63359375 0.0171875 0.0203125
2 0.26953125 0.65234375 0.01875 0.0234375
2 0.21875 0.571875 0.009375 0.028125
2 0.2625 0.459375 0.021875 0.0234375
2 0.2453125 0.36015625 0.0109375 0.015625
2 0.328125 0.4859375 0.021875 0.0296875
2 0.35234375 0.51953125 0.025 0.0296875
2 0.36640625 0.578125 0.015625 0.0265625
2 0.34609375 0.715625 0.015625 0.028125
2 0.5921875 0.2875 0.0078125 0.015625
2 0.5515625 0.36015625 0.0140625 0.028125
2 0.54140625 0.55390625 0.0171875 0.028125
2 0.42109375 0.5171875 0.0171875 0.0265625
2 0.5265625 0.57890625 0.015625 0.0234375
2 0.53828125 0.61640625 0.015625 0.01875
2 0.52421875 0.628125 0.0125 0.0109375
2 0.54453125 0.69375 0.015625 0.0203125
2 0.5625 0.4984375 0.015625 0.025
2 0.490625 0.7484375 0.0203125 0.028125
2 0.55859375 0.72578125 0.0125 0.015625
2 0.575 0.7453125 0.015625 0.0171875
2 0.5875 0.74765625 0.009375 0.0140625
2 0.6015625 0.75625 0.0125 0.0171875
2 0.6203125 0.67109375 0.015625 0.01875
2 0.63046875 0.64140625 0.015625 0.0203125
2 0.65078125 0.625 0.0125 0.021875
2 0.6765625 0.66953125 0.0125 0.021875
2 0.65234375 0.659375 0.0078125 0.0125
2 0.60703125 0.725 0.0109375 0.0171875
2 0.6578125 0.55703125 0.0171875 0.0234375
2 0.68125 0.5890625 0.0171875 0.025