2 0.06015625 0.378125 0.021875 0.03125
2 0.090625 0.4578125 0.0109375 0.009375
2 0.06953125 0.478125 0.009375 0.0125
2 0.0484375 0.46640625 0.009375 0.0140625
2 0.05546875 0.45703125 0.0109375 0.0140625
2 0.0703125 0.53828125 0.0078125 0.0109375
2 0.2078125 0.5625 0.009375 0.0125
2 0.21484375 0.5609375 0.00625 0.0125
2 0.20546875 0.50078125 0.009375 0.0125
2 0.19921875 0.5109375 0.009375 0.015625
2 0.165625 0.4703125 0.0125 0.01875
2 0.1390625 0.46796875 0.0125 0.0125
2 0.10078125 0.4796875 0.009375 0.009375
2 0.21484375 0.5296875 0.0109375 0.0125
2 0.19140625 0.5453125 0.0078125 0.0078125
2 0.221875 0.4078125 0.0109375 0.0125
2 0.24375 0.40390625 0.015625 0.015625
2 0.28671875 0.490625 0.0078125 0.009375
2 0.3546875 0.44921875 0.00625 0.0078125
2 0.27421875 0.56015625 0.0078125 0.0109375
2 0.23359375 0.55078125 0.0078125 0.015625
2 0.21953125 0.546875 0.0078125 0.009375
2 0.28828125 0.35859375 0.0109375 0.0140625
2 0.27578125 0.33984375 0.0109375 0.0140625
2 0.30078125 0.3203125 0.009375 0.0125
2 0.346875 0.39609375 0.003125 0.0078125
2 0.35625 0.396875 0.0078125 0.0078125
2 0.36484375 0.40703125 0.003125 0.0046875
2 0.37421875 0.41953125 0.0046875 0.00625
2 0.3796875 0.4375 0.003125 0.00625
2 0.38359375 0.4484375 0.003125 0.0046875
2 0.38203125 0.4421875 0.003125 0.003125
2 0.34921875 0.42265625 0.0046875 0.0046875
2 0.34375 0.41640625 0.0046875 0.0046875
2 0.34140625 0.40859375 0.003125 0.0046875
2 0.3546875 0.44765625 0.00625 0.00625
2 0.25625 0.41640625 0.0078125 0.0078125
2 0.253125 0.38125 0.0078125 0.009375
2 0.253125 0.39453125 0.009375 0.0109375
2 0.2875 0.4125 0.0078125 0.0109375
2 0.315625 0.40078125 0.0109375 0.01875
2 0.25234375 0.47890625 0.009375 0.0234375
2 0.23984375 0.46875 0.009375 0.015625
2 0.14609375 0.33515625 0.009375 0.015625
2 0.48125 0.3765625 0.00625 0.0109375
2 0.46328125 0.3875 0.00625 0.0078125
2 0.44921875 0.39453125 0.00625 0.0078125
2 0.446875 0.40625 0.0046875 0.009375
2 0.44453125 0.43125 0.003125 0.0046875
2 0.45703125 0.4234375 0.0046875 0.0078125
2 0.47109375 0.40625 0.009375 0.0140625
2 0.48984375 0.4078125 0.0046875 0.0078125
2 0.4765625 0.43203125 0.00625 0.009375
2 0.47109375 0.446875 0.0046875 0.0078125
2 0.4765625 0.446875 0.0046875 0.00625
2 0.46640625 0.46015625 0.00625 0.0109375
2 0.46484375 0.46875 0.00625 0.0078125
2 0.4625 0.509375 0.0078125 0.009375
2 0.45078125 0.5265625 0.009375 0.0078125
2 0.4515625 0.5328125 0.0046875 0.0078125
2 0.54609375 0.621875 0.0171875 0.0203125
2 0.5390625 0.58828125 0.0125 0.0203125
2 0.50078125 0.52734375 0.0203125 0.028125
2 0.4921875 0.54296875 0.021875 0.0265625
2 0.5078125 0.56015625 0.0203125 0.025
2 0.115625 0.31328125 0.0109375 0.01875
2 0.09921875 0.31640625 0.015625 0.015625
2 0.05859375 0.4890625 0.0125 0.0171875
2 0.0734375 0.5375 0.0109375 0.015625
2 0.08515625 0.559375 0.0125 0.0140625
2 0.06640625 0.565625 0.0125 0.01875
2 0.0546875 0.5484375 0.0140625 0.0125
2 0.06171875 0.53203125 0.0125 0.0203125
2 0.01171875 0.30234375 0.0234375 0.0234375
2 0.01015625 0.33046875 0.01875 0.0234375
2 0.78671875 0.9828125 0.0375 0.034375
2 0.75234375 0.99296875 0.0421875 0.0140625
2 0.7203125 0.92734375 0.059375 0.0875
2 0.69375 0.690625 0.0546875 0.071875
2 0.9 0.60234375 0.0984375 0.109375
2 0.6578125 0.46875 0.05 0.0671875
2 0.56953125 0.496875 0.1390625 0.2046875
2 0.6015625 0.14921875 0.0390625 0.053125