0 0.746875 0.18203125 0.0078125 0.0125
0 0.68203125 0.1859375 0.00625 0.0125
0 0.6734375 0.18125 0.0078125 0.0125
0 0.678125 0.1984375 0.0078125 0.0078125
0 0.675 0.19140625 0.00625 0.0078125
0 0.69921875 0.25078125 0.021875 0.03125
0 0.6890625 0.2828125 0.0125 0.021875
0 0.7125 0.290625 0.028125 0.0171875
0 0.740625 0.18671875 0.0046875 0.00625
0 0.74375 0.18984375 0.0046875 0.00625
0 0.746875 0.19375 0.0046875 0.0078125
0 0.77890625 0.2140625 0.0046875 0.0078125
0 0.78515625 0.21953125 0.0125 0.0125
0 0.7796875 0.19375 0.0046875 0.009375
0 0.77109375 0.26796875 0.0046875 0.0078125
0 0.68046875 0.21484375 0.0078125 0.009375
0 0.6671875 0.20546875 0.015625 0.0203125
0 0.7140625 0.4890625 0.0171875 0.0171875
0 0.740625 0.471875 0.0328125 0.0390625
0 0.7609375 0.44609375 0.0234375 0.03125
0 0.8140625 0.55078125 0.0125 0.015625
0 0.8390625 0.5640625 0.0109375 0.015625
0 0.446875 0.46171875 0.021875 0.0359375
0 0.46015625 0.46484375 0.0078125 0.0171875
0 0.45078125 0.446875 0.00625 0.009375
0 0.459375 0.4515625 0.00625 0.009375
0 0.4609375 0.44765625 0.0046875 0.00625
0 0.4640625 0.45546875 0.0046875 0.0078125
0 0.46953125 0.45625 0.00625 0.0078125
0 0.465625 0.4609375 0.0046875 0.009375
0 0.46484375 0.47734375 0.0078125 0.0140625
0 0.52578125 0.41171875 0.015625 0.0203125
0 0.51875 0.42421875 0.00625 0.009375
0 0.525 0.42421875 0.0046875 0.0078125
0 0.5296875 0.42578125 0.00625 0.0125
0 0.53125 0.43671875 0.0046875 0.009375
0 0.52578125 0.4375 0.0046875 0.009375
0 0.53671875 0.43828125 0.00625 0.0125
0 0.5453125 0.39375 0.0078125 0.0125
0 0.58203125 0.5078125 0.009375 0.0109375
0 0.5859375 0.50234375 0.0046875 0.0078125
0 0.5875 0.51328125 0.0046875 0.0078125
0 0.459375 0.39765625 0.0078125 0.0078125
0 0.45546875 0.403125 0.00625 0.0078125
0 0.4625 0.40546875 0.0046875 0.00625
0 0.46796875 0.40234375 0.003125 0.0046875
0 0.48203125 0.41484375 0.0046875 0.00625
0 0.409375 0.41953125 0.009375 0.009375
0 0.4171875 0.428125 0.00625 0.0078125
0 0.4015625 0.40859375 0.00625 0.0078125
0 0.40546875 0.403125 0.0046875 0.0078125
0 0.39609375 0.40546875 0.0046875 0.0078125
0 0.38828125 0.41328125 0.00625 0.0046875
0 0.403125 0.4171875 0.00625 0.0109375
0 0.39921875 0.41328125 0.003125 0.003125
0 0.39609375 0.4125 0.0015625 0.0046875
0 0.39296875 0.4125 0.0015625 0.0046875
0 0.4046875 0.42734375 0.003125 0.00625
0 0.40546875 0.425 0.003125 0.0046875
0 0.403125 0.43125 0.003125 0.0046875
0 0.40234375 0.43984375 0.00625 0.009375
0 0.409375 0.425 0.0046875 0.0046875
0 0.4609375 0.390625 0.0046875 0.0046875
0 0.46484375 0.3921875 0.003125 0.0046875
0 0.378125 0.509375 0.0078125 0.009375
0 0.37890625 0.465625 0.0046875 0.00625
0 0.36484375 0.15703125 0.0234375 0.0375
0 0.378125 0.10625 0.0078125 0.0234375
0 0.4375 0.14921875 0.0046875 0.00625
0 0.43515625 0.1546875 0.0046875 0.0046875
0 0.43984375 0.15625 0.00625 0.009375
0 0.4359375 0.16015625 0.0046875 0.0046875
0 0.4421875 0.23984375 0.0078125 0.0140625
0 0.44375 0.25 0.0078125 0.009375
0 0.4046875 0.2296875 0.0078125 0.0109375
0 0.32578125 0.17421875 0.00625 0.00625
0 0.29140625 0.09453125 0.0140625 0.028125
0 0.3046875 0.11875 0.015625 0.015625
0 0.3015625 0.10234375 0.0078125 0.00625
0 0.32109375 0.0515625 0.0078125 0.0109375
0 0.31171875 0.2515625 0.00625 0.009375
0 0.26953125 0.17265625 0.0046875 0.0078125
0 0.278125 0.14609375 0.00625 0.0078125
2 0.2640625 0.1984375 0.0125 0.0359375
2 0.22734375 0.3953125 0.01875 0.034375
2 0.12421875 0.58359375 0.034375 0.04375
2 0.16796875 0.57890625 0.028125 0.034375
0 0.3765625 0.503125 0.0046875 0.0046875
0 0.1921875 0.7453125 0.0125 0.0203125
0 0.2109375 0.7546875 0.0125 0.0265625
0 0.22734375 0.8 0.009375 0.0171875
0 0.221875 0.80859375 0.0078125 0.0140625
0 0.14375 0.796875 0.009375 0.0140625
0 0.18203125 0.8125 0.0078125 0.0109375
0 0.3265625 0.93203125 0.0078125 0.01875
0 0.3265625 0.875 0.0125 0.0125
0 0.33359375 0.896875 0.0078125 0.0125
0 0.346875 0.9 0.0078125 0.025
0 0.37265625 0.8296875 0.00625 0.0109375
0 0.4125 0.771875 0.00625 0.0109375
0 0.4203125 0.78125 0.0046875 0.009375
0 0.44296875 0.67265625 0.00625 0.0125
0 0.440625 0.68046875 0.00625 0.0078125
0 0.4359375 0.69453125 0.00625 0.0078125
0 0.4375 0.6890625 0.0046875 0.00625
0 0.45703125 0.7265625 0.0046875 0.0078125
0 0.46171875 0.72109375 0.0046875 0.0078125
0 0.46484375 0.72890625 0.0046875 0.00625
0 0.4609375 0.73359375 0.00625 0.015625
0 0.5515625 0.75390625 0.0125 0.015625
0 0.5625 0.79921875 0.025 0.025
0 0.92734375 0.59765625 0.0359375 0.053125
0 0.840625 0.53125 0.009375 0.015625
0 0.7078125 0.584375 0.0125 0.015625
0 0.71875 0.46484375 0.0078125 0.0125
0 0.71953125 0.47421875 0.009375 0.009375
0 0.85 0.43671875 0.0125 0.021875
0 0.77109375 0.73125 0.009375 0.0125
0 0.88125 0.70625 0.0078125 0.009375
0 0.7859375 0.8546875 0.0078125 0.009375
0 0.73203125 0.77109375 0.00625 0.0078125
0 0.728125 0.77578125 0.0046875 0.0078125
0 0.7015625 0.696875 0.0078125 0.0109375
0 0.7078125 0.7203125 0.0046875 0.009375
0 0.67421875 0.84453125 0.009375 0.015625
0 0.73671875 0.07265625 0.0125 0.0140625
0 0.7375 0.025 0.0125 0.0125
0 0.76171875 0.11015625 0.00625 0.009375
0 0.640625 0.02109375 0.0125 0.009375
0 0.61875 0.01171875 0.0078125 0.0140625
0 0.6140625 0.03125 0.0078125 0.015625
0 0.59921875 0.02890625 0.00625 0.009375
0 0.5953125 0.04140625 0.00625 0.0109375
0 0.2578125 0.08125 0.00625 0.0140625
0 0.24921875 0.05 0.009375 0.015625
0 0.28125 0.0453125 0.009375 0.0140625
0 0.525 0.00703125 0.0140625 0.0140625
0 0.471875 0.04453125 0.00625 0.00625
0 0.48046875 0.05078125 0.00625 0.009375
0 0.4390625 0.08125 0.009375 0.0125
0 0.17265625 0.1046875 0.00625 0.0125
0 0.24453125 0.48359375 0.015625 0.0203125
0 0.184375 0.77265625 0.0140625 0.0109375
0 0.0703125 0.171875 0.0140625 0.015625
0 0.0078125 0.22734375 0.0109375 0.021875
0 0.06875 0.24296875 0.0109375 0.01875
0 0.0578125 0.24609375 0.009375 0.015625
0 0.09375 0.184375 0.009375 0.0125
0 0.16171875 0.46171875 0.0078125 0.0078125
0 0.2375 0.43828125 0.0046875 0.0109375
0 0.25390625 0.44609375 0.009375 0.0109375
0 0.2421875 0.45078125 0.0078125 0.0078125
0 0.046875 0.54609375 0.0109375 0.0109375
0 0.1375 0.3484375 0.00625 0.0078125
0 0.19765625 0.38125 0.0046875 0.009375
0 0.1921875 0.22265625 0.00625 0.0078125
0 0.2171875 0.11171875 0.0078125 0.0109375
0 0.10546875 0.05390625 0.009375 0.009375
0 0.20546875 0.07890625 0.009375 0.0140625
0 0.1234375 0.37578125 0.0046875 0.00625
0 0.121875 0.35625 0.003125 0.00625
0 0.121875 0.3640625 0.00625 0.00625
0 0.11953125 0.3765625 0.0046875 0.00625