2 0.4421875 0.26640625 0.0515625 0.0234375
2 0.80546875 0.29921875 0.0125 0.00625
2 0.03125 0.2546875 0.0109375 0.00625
2 0.01484375 0.253125 0.00625 0.003125
2 0.02421875 0.30703125 0.0125 0.0078125
2 0.0453125 0.31328125 0.0125 0.0078125
2 0.0578125 0.2984375 0.0109375 0.0078125
2 0.16953125 0.34140625 0.0484375 0.0234375
2 0.309375 0.35859375 0.0609375 0.025
2 0.39375 0.334375 0.0390625 0.0171875
2 0.4078125 0.3890625 0.0203125 0.0109375
2 0.50859375 0.42265625 0.0578125 0.03125
2 0.43984375 0.3984375 0.0109375 0.009375
2 0.03359375 0.3890625 0.025 0.0125
2 0.12578125 0.38515625 0.021875 0.0140625
2 0.375 0.415625 0.0234375 0.0140625
2 0.5640625 0.46015625 0.046875 0.0234375
2 0.37578125 0.490625 0.05 0.021875
2 0.5 0.49375 0.05 0.0265625
2 0.528125 0.503125 0.053125 0.0234375
2 0.5515625 0.50703125 0.0234375 0.0078125
2 0.553125 0.49140625 0.028125 0.0140625
2 0.34140625 0.4890625 0.015625 0.0140625
2 0.0921875 0.47421875 0.009375 0.00625
2 0.03984375 0.51640625 0.0328125 0.0125
2 0.09140625 0.54296875 0.0203125 0.0140625
2 0.265625 0.53046875 0.0171875 0.009375
2 0.2796875 0.67734375 0.0328125 0.025
2 0.13671875 0.70859375 0.0515625 0.025
2 0.16953125 0.64765625 0.0375 0.0078125
2 0.2578125 0.73203125 0.0125 0.0140625
2 0.26171875 0.7625 0.0265625 0.015625
2 0.29375 0.78671875 0.01875 0.021875
2 0.10703125 0.7640625 0.0484375 0.028125
2 0.63828125 0.79453125 0.0296875 0.01875
2 0.5015625 0.7578125 0.034375 0.01875
2 0.2125 0.89296875 0.046875 0.0234375
2 0.1515625 0.86484375 0.0453125 0.028125
2 0.34765625 0.9515625 0.0234375 0.028125
2 0.25546875 0.96328125 0.028125 0.025
2 0.64140625 0.6390625 0.0375 0.01875
2 0.6640625 0.6390625 0.0203125 0.0125
2 0.66484375 0.575 0.015625 0.0125
2 0.659375 0.61953125 0.034375 0.01875
2 0.59140625 0.62265625 0.0203125 0.015625
2 0.61796875 0.65625 0.0328125 0.009375
2 0.52578125 0.6671875 0.0203125 0.0078125
2 0.4375 0.615625 0.0203125 0.0078125
2 0.58515625 0.240625 0.040625 0.01875
2 0.7625 0.31953125 0.0125 0.0046875
2 0.8140625 0.359375 0.0125 0.00625
2 0.76640625 0.33046875 0.0125 0.0078125
2 0.89609375 0.3828125 0.0140625 0.0078125
2 0.9375 0.39375 0.01875 0.0109375
2 0.82578125 0.41484375 0.01875 0.009375
2 0.7234375 0.4109375 0.0203125 0.0078125
2 0.7875 0.51015625 0.04375 0.01875
2 0.753125 0.49375 0.0234375 0.0140625
2 0.7171875 0.48046875 0.015625 0.0140625
2 0.72734375 0.490625 0.028125 0.009375
2 0.7390625 0.521875 0.0390625 0.0171875
2 0.615625 0.396875 0.015625 0.009375
2 0.76328125 0.44921875 0.015625 0.0078125
2 0.96953125 0.5984375 0.040625 0.0203125
2 0.959375 0.61484375 0.0171875 0.0046875
2 0.83046875 0.63828125 0.04375 0.0171875
2 0.94453125 0.64609375 0.0359375 0.0125
2 0.95234375 0.81015625 0.028125 0.025
2 0.8953125 0.803125 0.0484375 0.0296875
2 0.86015625 0.8203125 0.0421875 0.015625