2 0.6078125 0.346875 0.0859375 0.0421875
2 0.57578125 0.465625 0.0890625 0.04375
2 0.5296875 0.46328125 0.0578125 0.0453125
2 0.49375 0.4953125 0.08125 0.040625
2 0.365625 0.54375 0.0375 0.0203125
2 0.29765625 0.54453125 0.04375 0.0203125
2 0.33359375 0.5609375 0.053125 0.0265625
2 0.34140625 0.57265625 0.0390625 0.0125
2 0.2453125 0.55 0.0390625 0.0203125
2 0.28515625 0.57734375 0.04375 0.0203125
2 0.328125 0.6046875 0.040625 0.0203125
2 0.1609375 0.60234375 0.04375 0.021875
2 0.09453125 0.5953125 0.0421875 0.021875
2 0.3515625 0.6265625 0.0390625 0.0203125
2 0.15703125 0.62421875 0.040625 0.01875
2 0.09296875 0.6421875 0.04375 0.01875
2 0.00546875 0.66171875 0.0109375 0.0296875
2 0.02734375 0.66953125 0.0546875 0.0328125
2 0.02734375 0.690625 0.0546875 0.028125
2 0.07109375 0.72734375 0.0703125 0.0359375
2 0.1328125 0.7375 0.0359375 0.028125
2 0.17734375 0.74765625 0.0390625 0.028125
2 0.26328125 0.76640625 0.021875 0.01875
2 0.2828125 0.77265625 0.0296875 0.015625
2 0.3109375 0.77421875 0.025 0.01875
2 0.48671875 0.87734375 0.059375 0.03125
2 0.42734375 0.87734375 0.0453125 0.0265625
2 0.528125 0.9484375 0.0578125 0.0328125
2 0.9765625 0.565625 0.0203125 0.0078125
2 0.95234375 0.57109375 0.015625 0.0078125
2 0.89296875 0.54453125 0.0171875 0.009375
2 0.84296875 0.52109375 0.015625 0.0078125
2 0.75703125 0.58046875 0.021875 0.009375
2 0.7234375 0.575 0.015625 0.0109375
2 0.6375 0.58203125 0.015625 0.0078125
2 0.5984375 0.5734375 0.0125 0.00625
2 0.50390625 0.54453125 0.0078125 0.003125
2 0.49609375 0.59375 0.0125 0.00625
2 0.49296875 0.62734375 0.0125 0.00625
2 0.565625 0.628125 0.0109375 0.0046875
2 0.5328125 0.64921875 0.009375 0.0078125
2 0.82421875 0.603125 0.01875 0.009375
2 0.7609375 0.66328125 0.0203125 0.0109375
2 0.99375 0.6546875 0.0109375 0.00625
2 0.97578125 0.68515625 0.0234375 0.009375
2 0.88671875 0.68984375 0.0109375 0.0078125
2 0.93203125 0.73125 0.0171875 0.0078125
2 0.890625 0.7265625 0.01875 0.0125
2 0.92109375 0.7390625 0.0140625 0.00625
2 0.8453125 0.73828125 0.0125 0.00625
2 0.9078125 0.74609375 0.0078125 0.00625
2 0.71796875 0.70859375 0.0125 0.0078125
2 0.6859375 0.715625 0.0171875 0.00625
2 0.7 0.7109375 0.0125 0.0046875
2 0.59765625 0.71328125 0.01875 0.0109375
2 0.61015625 0.6953125 0.01875 0.009375
2 0.6 0.7 0.01875 0.0078125
2 0.6234375 0.69375 0.0171875 0.009375
2 0.6171875 0.71015625 0.0171875 0.0078125
2 0.6125 0.67734375 0.0109375 0.0078125