2 0.08828125 0.2609375 0.0515625 0.06875
2 0.21015625 0.1859375 0.0328125 0.0625
2 0.21328125 0.33046875 0.0328125 0.0625
2 0.171875 0.3421875 0.03125 0.053125
2 0.26796875 0.33671875 0.025 0.0515625
2 0.33046875 0.49296875 0.05625 0.0859375
2 0.40859375 0.48203125 0.040625 0.059375
2 0.4265625 0.42578125 0.0515625 0.0734375
2 0.4265625 0.3609375 0.04375 0.0625
2 0.45 0.47265625 0.0515625 0.065625
2 0.50703125 0.6953125 0.053125 0.075
2 0.43359375 0.778125 0.0359375 0.040625
2 0.4265625 0.87890625 0.053125 0.059375
2 0.38828125 0.878125 0.03125 0.0515625
2 0.1453125 0.76953125 0.05 0.05625
2 0.02890625 0.8359375 0.034375 0.0484375
2 0.16640625 0.50859375 0.0390625 0.0546875
2 0.1109375 0.5203125 0.0359375 0.075
2 0.01484375 0.56015625 0.0296875 0.0390625
2 0.0359375 0.603125 0.0328125 0.040625
2 0.0546875 0.5296875 0.0234375 0.034375
2 0.196875 0.45625 0.01875 0.040625
2 0.253125 0.47265625 0.021875 0.040625
2 0.234375 0.46328125 0.0203125 0.034375
2 0.22109375 0.45078125 0.0171875 0.0359375
2 0.55 0.29375 0.0421875 0.065625
2 0.5546875 0.484375 0.0390625 0.05625
2 0.58203125 0.82265625 0.025 0.046875
2 0.8171875 0.6875 0.025 0.05625
2 0.78515625 0.6734375 0.028125 0.046875
2 0.74765625 0.7140625 0.034375 0.05
2 0.7625 0.65078125 0.0265625 0.0359375
2 0.74609375 0.590625 0.0390625 0.0359375
2 0.7234375 0.6125 0.0265625 0.040625
2 0.74453125 0.6203125 0.0234375 0.04375
2 0.978125 0.26875 0.0140625 0.01875
2 0.99296875 0.16015625 0.00625 0.0171875
2 0.9703125 0.18125 0.0125 0.021875
2 0.9890625 0.13828125 0.0078125 0.015625
2 0.8625 0.21640625 0.01875 0.0328125
2 0.87734375 0.1734375 0.015625 0.025
2 0.74765625 0.12265625 0.028125 0.05
2 0.70078125 0.125 0.028125 0.046875
2 0.68359375 0.1 0.0328125 0.0359375
2 0.70859375 0.040625 0.0328125 0.05625
2 0.625 0.11796875 0.0296875 0.04375
2 0.62890625 0.1578125 0.028125 0.040625
2 0.66171875 0.1515625 0.021875 0.0375
2 0.65 0.2140625 0.0234375 0.0421875
2 0.67734375 0.21171875 0.028125 0.0375
2 0.78515625 0.48671875 0.0296875 0.034375
2 0.7765625 0.45234375 0.021875 0.0375
2 0.75 0.45 0.03125 0.0453125
2 0.73046875 0.4109375 0.0328125 0.04375
2 0.7859375 0.3828125 0.03125 0.040625
2 0.8078125 0.3796875 0.01875 0.03125