2 0.14296875 0.1078125 0.025 0.0375
2 0.19375 0.096875 0.025 0.0390625
2 0.296875 0.13515625 0.0234375 0.0328125
2 0.31640625 0.12109375 0.015625 0.0359375
2 0.521875 0.08046875 0.01875 0.0265625
2 0.425 0.06640625 0.0171875 0.03125
2 0.36953125 0.1546875 0.0234375 0.040625
2 0.19375 0.18125 0.025 0.03125
2 0.4515625 0.33984375 0.0234375 0.0328125
2 0.38515625 0.3671875 0.025 0.040625
2 0.27265625 0.36015625 0.028125 0.04375
2 0.12265625 0.403125 0.025 0.03125
2 0.15703125 0.43828125 0.021875 0.0328125
2 0.23671875 0.48671875 0.028125 0.0390625
2 0.35390625 0.41484375 0.0203125 0.03125
2 0.4 0.515625 0.0234375 0.034375
2 0.43203125 0.5296875 0.0234375 0.0375
2 0.028125 0.4828125 0.01875 0.021875
2 0.03515625 0.57109375 0.0234375 0.03125
2 0.01328125 0.59296875 0.021875 0.028125
2 0.0703125 0.571875 0.0234375 0.0265625
2 0.24140625 0.5828125 0.0203125 0.0359375
2 0.334375 0.6 0.021875 0.0328125
2 0.296875 0.68984375 0.0265625 0.0390625
2 0.2765625 0.68203125 0.01875 0.0359375
2 0.1 0.734375 0.0171875 0.025
2 0.29296875 0.765625 0.0234375 0.034375
2 0.31328125 0.790625 0.0234375 0.0296875
2 0.3140625 0.828125 0.028125 0.0421875
2 0.1515625 0.95 0.028125 0.0390625
2 0.328125 0.9203125 0.009375 0.025
2 0.33359375 0.721875 0.0234375 0.0359375
2 0.715625 0.125 0.015625 0.0171875
2 0.615625 0.240625 0.0234375 0.0375
2 0.77890625 0.2265625 0.0203125 0.0296875
2 0.83828125 0.19765625 0.0125 0.021875
2 0.871875 0.23203125 0.021875 0.028125
2 0.81953125 0.27421875 0.021875 0.03125
2 0.721875 0.27734375 0.021875 0.0296875
2 0.746875 0.29375 0.0171875 0.0234375
2 0.73046875 0.334375 0.01875 0.028125
2 0.7109375 0.37734375 0.0203125 0.028125
2 0.7671875 0.45546875 0.009375 0.0203125
2 0.7109375 0.4859375 0.0171875 0.0234375
2 0.74140625 0.60859375 0.0140625 0.0265625
2 0.76171875 0.58125 0.0125 0.0234375
2 0.73984375 0.5828125 0.0125 0.0125
2 0.4125 0.6484375 0.0203125 0.034375
2 0.440625 0.6984375 0.0203125 0.03125
2 0.4046875 0.7109375 0.021875 0.03125
2 0.36953125 0.69453125 0.0140625 0.015625
2 0.4078125 0.784375 0.0171875 0.0234375
2 0.47578125 0.778125 0.01875 0.028125
2 0.64609375 0.753125 0.0234375 0.040625
2 0.56015625 0.87265625 0.0109375 0.021875
2 0.50390625 0.703125 0.009375 0.015625
2 0.721875 0.80390625 0.00625 0.0203125
2 0.76171875 0.76328125 0.0125 0.015625
2 0.953125 0.43515625 0.0046875 0.00625
2 0.9328125 0.45859375 0.003125 0.00625
2 0.9375 0.44609375 0.003125 0.0046875
2 0.928125 0.4234375 0.003125 0.0046875
2 0.90078125 0.4546875 0.003125 0.00625
2 0.9328125 0.4046875 0.003125 0.00625
2 0.9390625 0.3984375 0.003125 0.0046875
2 0.921875 0.396875 0.003125 0.0046875
2 0.93671875 0.37265625 0.003125 0.0046875
2 0.87578125 0.45390625 0.003125 0.0046875
2 0.88046875 0.40546875 0.003125 0.0046875