0 0.459375 0.98984375 0.0203125 0.0125
0 0.440625 0.97109375 0.0078125 0.00625
0 0.45703125 0.97890625 0.0125 0.009375
0 0.446875 0.98671875 0.00625 0.00625
0 0.3109375 0.9140625 0.0203125 0.015625
0 0.16953125 0.94375 0.0125 0.009375
0 0.71953125 0.9125 0.0140625 0.0078125
0 0.71796875 0.92421875 0.021875 0.0109375
0 0.7234375 0.8671875 0.0265625 0.0140625
0 0.72109375 0.8765625 0.0125 0.0046875
0 0.6859375 0.8328125 0.0203125 0.0109375
0 0.62578125 0.84140625 0.0125 0.0078125
0 0.63984375 0.8578125 0.0109375 0.00625
0 0.50703125 0.85859375 0.0109375 0.0109375
0 0.49609375 0.8828125 0.0109375 0.009375
0 0.19296875 0.79765625 0.0125 0.0125
0 0.20703125 0.8234375 0.0125 0.009375
0 0.15546875 0.80703125 0.0140625 0.0140625
0 0.16171875 0.7984375 0.0109375 0.0078125
0 0.0953125 0.7734375 0.009375 0.00625
0 0.5828125 0.771875 0.015625 0.0109375
0 0.6125 0.76171875 0.025 0.0140625
0 0.65625 0.728125 0.01875 0.009375
0 0.59140625 0.84296875 0.00625 0.00625
0 0.596875 0.834375 0.00625 0.0046875
0 0.5375 0.8265625 0.009375 0.00625
0 0.54765625 0.81328125 0.0078125 0.0046875
0 0.55703125 0.82734375 0.0078125 0.00625
0 0.5671875 0.83046875 0.0078125 0.00625
0 0.36953125 0.77890625 0.0140625 0.0078125
0 0.3640625 0.7828125 0.0078125 0.0046875
0 0.24609375 0.95 0.0078125 0.00625
0 0.23984375 0.94921875 0.00625 0.0046875
0 0.278125 0.85234375 0.009375 0.0109375
0 0.13359375 0.825 0.01875 0.0078125
0 0.24609375 0.809375 0.0125 0.0125
0 0.13671875 0.659375 0.0171875 0.0125
0 0.13359375 0.6765625 0.0171875 0.009375
0 0.140625 0.67265625 0.0125 0.0078125
0 0.23671875 0.65 0.0171875 0.0125
0 0.23671875 0.65859375 0.0140625 0.0078125
0 0.2234375 0.6609375 0.0078125 0.0046875
0 0.234375 0.665625 0.009375 0.0046875
0 0.23515625 0.67734375 0.009375 0.00625
0 0.20703125 0.6984375 0.0125 0.0078125
0 0.1046875 0.7390625 0.0109375 0.0046875
0 0.11171875 0.73515625 0.0078125 0.0046875
0 0.11328125 0.740625 0.0046875 0.003125
0 0.1640625 0.72421875 0.0109375 0.00625
0 0.16796875 0.73046875 0.009375 0.0078125
0 0.19765625 0.72890625 0.0078125 0.009375
0 0.325 0.715625 0.0140625 0.0109375
0 0.31875 0.71953125 0.0078125 0.0078125
0 0.33125 0.7140625 0.0078125 0.009375
0 0.309375 0.68828125 0.015625 0.009375
0 0.34921875 0.70390625 0.0234375 0.015625
0 0.35859375 0.696875 0.0140625 0.0078125
0 0.328125 0.671875 0.0109375 0.00625
0 0.35859375 0.6328125 0.0109375 0.0078125
0 0.3859375 0.65703125 0.0125 0.009375
0 0.3125 0.61484375 0.0125 0.0125
0 0.30625 0.61875 0.0125 0.0078125
0 0.3484375 0.6015625 0.0078125 0.00625
0 0.353125 0.59765625 0.00625 0.0046875
0 0.390625 0.66640625 0.015625 0.0078125
0 0.41640625 0.66953125 0.01875 0.0109375
0 0.3640625 0.5734375 0.0125 0.0078125
0 0.37265625 0.57578125 0.009375 0.00625
0 0.371875 0.56796875 0.0109375 0.009375
0 0.38359375 0.55859375 0.0109375 0.0109375
0 0.38828125 0.55234375 0.00625 0.0046875
0 0.353125 0.55078125 0.0125 0.0078125
0 0.3578125 0.55625 0.0078125 0.0046875
0 0.3015625 0.5375 0.0140625 0.0109375
0 0.27421875 0.53984375 0.015625 0.0109375
0 0.16953125 0.53515625 0.009375 0.0078125
0 0.15390625 0.65078125 0.0171875 0.0046875
0 0.1625 0.53984375 0.0140625 0.0078125
0 0.21328125 0.50078125 0.0296875 0.01875
0 0.21328125 0.48671875 0.0140625 0.0078125
0 0.221875 0.484375 0.009375 0.0109375
0 0.221875 0.475 0.0140625 0.0078125
0 0.15390625 0.44765625 0.015625 0.009375
0 0.2453125 0.46953125 0.009375 0.00625
0 0.23984375 0.42109375 0.0171875 0.0125
0 0.1765625 0.42734375 0.0109375 0.0078125
0 0.1890625 0.43046875 0.0140625 0.009375
0 0.1390625 0.4328125 0.0125 0.0109375
0 0.121875 0.43046875 0.021875 0.0109375
0 0.084375 0.43203125 0.009375 0.0109375
0 0.03671875 0.484375 0.0125 0.009375
0 0.09609375 0.43359375 0.015625 0.009375
0 0.10546875 0.425 0.0109375 0.0078125
0 0.1171875 0.421875 0.0140625 0.0078125
0 0.1734375 0.43359375 0.021875 0.009375
0 0.19140625 0.42265625 0.0171875 0.0109375
0 0.20703125 0.40234375 0.0109375 0.0125
0 0.225 0.38671875 0.0171875 0.0140625
0 0.25 0.38828125 0.0125 0.009375
0 0.26640625 0.39140625 0.0125 0.00625
0 0.334375 0.38828125 0.0140625 0.0125
0 0.5015625 0.61953125 0.01875 0.0125
0 0.4875 0.61875 0.0125 0.0109375
0 0.5078125 0.61171875 0.0140625 0.0109375
0 0.4625 0.59296875 0.0140625 0.0078125
0 0.38359375 0.58984375 0.00625 0.0046875
0 0.38515625 0.59921875 0.0140625 0.0078125
0 0.58671875 0.603125 0.0109375 0.00625
0 0.5578125 0.590625 0.0109375 0.0046875
0 0.54765625 0.59453125 0.009375 0.0046875
0 0.52890625 0.57265625 0.009375 0.00625
0 0.5578125 0.55078125 0.015625 0.009375
0 0.565625 0.53828125 0.0203125 0.0125
0 0.584375 0.53984375 0.015625 0.0140625
0 0.571875 0.54453125 0.0046875 0.0046875
0 0.634375 0.5375 0.015625 0.015625
0 0.6609375 0.51875 0.0140625 0.0078125
0 0.6671875 0.528125 0.0125 0.0078125
0 0.6296875 0.51796875 0.01875 0.0078125
0 0.65546875 0.5609375 0.0125 0.009375
0 0.6765625 0.553125 0.0234375 0.009375
0 0.6890625 0.565625 0.0125 0.015625
0 0.71484375 0.5453125 0.00625 0.0046875
0 0.72578125 0.5453125 0.0125 0.0078125
0 0.7171875 0.55234375 0.0125 0.009375
0 0.72734375 0.5578125 0.0078125 0.0046875
0 0.68046875 0.5828125 0.015625 0.009375
0 0.67734375 0.59609375 0.0171875 0.0109375
0 0.609375 0.60625 0.009375 0.00625
0 0.63984375 0.621875 0.0125 0.0078125
0 0.65546875 0.62265625 0.009375 0.0078125
0 0.70234375 0.615625 0.0078125 0.0046875
0 0.7171875 0.61640625 0.0078125 0.0046875
0 0.759375 0.58984375 0.015625 0.0078125
0 0.7671875 0.59921875 0.0109375 0.0078125
0 0.75859375 0.62890625 0.0125 0.00625
0 0.7625 0.6375 0.015625 0.0109375
0 0.61484375 0.65703125 0.009375 0.0078125
0 0.6125 0.66171875 0.0125 0.0046875
0 0.515625 0.63203125 0.0109375 0.0109375
0 0.5609375 0.625 0.0046875 0.00625
0 0.5171875 0.696875 0.009375 0.009375
0 0.653125 0.684375 0.0125 0.0046875
0 0.69765625 0.675 0.009375 0.0046875
0 0.640625 0.7421875 0.0109375 0.0109375
0 0.83671875 0.6359375 0.0109375 0.0078125
0 0.82890625 0.6265625 0.0171875 0.0109375
0 0.8265625 0.634375 0.00625 0.0046875
0 0.8171875 0.63828125 0.009375 0.00625
0 0.84765625 0.62265625 0.0203125 0.009375
0 0.90078125 0.61171875 0.0125 0.0078125
0 0.87734375 0.60625 0.0109375 0.0078125
0 0.85 0.60234375 0.0078125 0.0046875
0 0.75390625 0.56796875 0.0125 0.0078125
0 0.75 0.56171875 0.0125 0.0046875
0 0.73671875 0.56171875 0.015625 0.00625
0 0.74375 0.57421875 0.021875 0.0109375
0 0.7359375 0.5796875 0.0125 0.009375
0 0.746875 0.58359375 0.0109375 0.00625
0 0.7734375 0.54140625 0.0109375 0.0078125
0 0.78515625 0.5375 0.009375 0.00625
0 0.79375 0.53125 0.0109375 0.0078125
0 0.69921875 0.5265625 0.0125 0.015625
0 0.70859375 0.6265625 0.009375 0.0046875
0 0.76328125 0.56484375 0.01875 0.0171875
0 0.78671875 0.578125 0.009375 0.0046875
0 0.80703125 0.57890625 0.0140625 0.00625
0 0.84375 0.55234375 0.0203125 0.00625
0 0.80859375 0.5515625 0.009375 0.0046875
0 0.8421875 0.54375 0.00625 0.0046875
0 0.7578125 0.4953125 0.034375 0.0140625
0 0.8234375 0.5078125 0.0234375 0.009375
0 0.80625 0.5 0.009375 0.00625
0 0.85703125 0.509375 0.0109375 0.0046875
0 0.8765625 0.5078125 0.0109375 0.0078125
0 0.69140625 0.49921875 0.0125 0.009375
0 0.57578125 0.48203125 0.0125 0.0109375
0 0.5421875 0.49375 0.009375 0.0078125
0 0.6125 0.4890625 0.0078125 0.0078125
0 0.61171875 0.48046875 0.0109375 0.0078125
0 0.63046875 0.50625 0.009375 0.00625
0 0.6265625 0.51328125 0.0078125 0.0046875
2 0.65078125 0.50625 0.009375 0.0046875
2 0.7734375 0.5109375 0.009375 0.0046875
2 0.77265625 0.50078125 0.0078125 0.0046875
2 0.78984375 0.49921875 0.015625 0.0078125
2 0.796875 0.49453125 0.0078125 0.0046875
2 0.80703125 0.4953125 0.009375 0.0046875
2 0.8171875 0.49921875 0.0078125 0.0046875
2 0.81328125 0.525 0.009375 0.0046875
2 0.82265625 0.52578125 0.0109375 0.0046875
2 0.8265625 0.515625 0.0125 0.0046875
2 0.8296875 0.51953125 0.009375 0.0046875
2 0.853125 0.5 0.009375 0.00625
2 0.88984375 0.49765625 0.0109375 0.00625
2 0.90078125 0.49921875 0.009375 0.00625
2 0.8890625 0.51171875 0.0078125 0.00625
2 0.91640625 0.52109375 0.009375 0.00625
2 0.93046875 0.51640625 0.0109375 0.0078125
2 0.9078125 0.51875 0.0078125 0.0046875
2 0.91953125 0.53046875 0.0109375 0.0078125
0 0.578125 0.47109375 0.0109375 0.0078125
0 0.58984375 0.45234375 0.015625 0.009375
0 0.51640625 0.4609375 0.0109375 0.0078125
0 0.51875 0.46953125 0.0125 0.0078125
0 0.62734375 0.4515625 0.0109375 0.0078125
0 0.6296875 0.4375 0.009375 0.00625
0 0.640625 0.43671875 0.009375 0.0078125
0 0.6484375 0.440625 0.0125 0.0078125
0 0.69765625 0.4171875 0.0109375 0.0078125
0 0.640625 0.40859375 0.009375 0.0078125
0 0.64765625 0.4140625 0.0078125 0.00625
0 0.7125 0.403125 0.009375 0.00625
0 0.7296875 0.39765625 0.009375 0.0078125
0 0.71953125 0.4140625 0.009375 0.00625
0 0.68828125 0.46015625 0.009375 0.0078125
0 0.696875 0.46015625 0.0109375 0.0078125
0 0.69453125 0.465625 0.009375 0.0046875
0 0.7078125 0.47578125 0.0078125 0.00625
0 0.45078125 0.45390625 0.0078125 0.009375
0 0.47734375 0.453125 0.0140625 0.0109375
0 0.5046875 0.46015625 0.0078125 0.0078125
0 0.525 0.4421875 0.009375 0.009375
0 0.53515625 0.43203125 0.01875 0.0203125
0 0.4671875 0.3953125 0.0109375 0.0078125
0 0.525 0.40546875 0.0140625 0.0078125
0 0.559375 0.39921875 0.0203125 0.0078125
0 0.55625 0.40703125 0.0078125 0.0078125
0 0.5703125 0.41171875 0.015625 0.0078125
0 0.49375 0.43984375 0.009375 0.00625
0 0.45234375 0.41953125 0.009375 0.0078125
0 0.478125 0.378125 0.009375 0.00625
0 0.484375 0.38515625 0.0109375 0.009375
0 0.47734375 0.38828125 0.009375 0.00625
0 0.465625 0.38828125 0.00625 0.003125
0 0.571875 0.3609375 0.028125 0.0140625
0 0.4 0.39296875 0.0078125 0.0078125
0 0.40703125 0.41171875 0.0234375 0.0140625
0 0.39140625 0.4 0.0078125 0.00625
0 0.38359375 0.40078125 0.0078125 0.0078125
0 0.3921875 0.41328125 0.0171875 0.0078125
0 0.559375 0.42578125 0.0203125 0.0140625
0 0.60390625 0.4359375 0.0078125 0.0078125
0 0.6140625 0.4328125 0.0109375 0.0078125
0 0.6765625 0.46796875 0.0140625 0.0109375
0 0.7640625 0.46796875 0.009375 0.0046875
0 0.6875 0.42890625 0.01875 0.009375
0 0.66484375 0.4203125 0.0078125 0.015625
0 0.759375 0.3953125 0.015625 0.0125
0 0.76328125 0.40859375 0.01875 0.0125
0 0.7546875 0.41796875 0.00625 0.0046875
0 0.75625 0.4234375 0.0078125 0.00625
0 0.284375 0.3 0.053125 0.015625
0 0.29765625 0.278125 0.04375 0.0296875
0 0.3921875 0.2890625 0.01875 0.0109375
0 0.396875 0.3296875 0.01875 0.0171875
0 0.47578125 0.31328125 0.0234375 0.01875
0 0.0203125 0.26484375 0.0359375 0.03125
0 0.08203125 0.32734375 0.021875 0.0140625
0 0.1546875 0.290625 0.0609375 0.0296875
0 0.23515625 0.2546875 0.0234375 0.0140625
0 0.25625 0.23828125 0.0453125 0.0234375
0 0.28984375 0.18046875 0.0390625 0.0171875
0 0.3 0.16953125 0.015625 0.0078125
0 0.2625 0.13984375 0.01875 0.0109375
0 0.24609375 0.13671875 0.01875 0.015625
0 0.1984375 0.175 0.021875 0.0140625
0 0.10390625 0.21171875 0.0140625 0.0109375
0 0.1265625 0.21796875 0.015625 0.009375
0 0.13046875 0.2453125 0.0171875 0.021875
0 0.071875 0.24453125 0.028125 0.0078125
0 0.03359375 0.11875 0.0265625 0.0140625
0 0.05390625 0.08359375 0.0140625 0.0109375
0 0.1390625 0.0640625 0.0203125 0.0171875
0 0.16015625 0.07109375 0.0171875 0.0140625
0 0.14296875 0.0890625 0.0140625 0.00625
0 0.246875 0.09140625 0.0171875 0.0125
0 0.26953125 0.03203125 0.025 0.015625
0 0.2828125 0.059375 0.01875 0.009375
0 0.25 0.059375 0.03125 0.0140625
0 0.22109375 0.059375 0.0203125 0.0109375
0 0.0375 0.03125 0.021875 0.01875
0 0.06953125 0.028125 0.034375 0.021875
0 0.03359375 0.06171875 0.034375 0.0203125
0 0.0125 0.03828125 0.025 0.01875
0 0.0875 0.07109375 0.0328125 0.0203125
0 0.10625 0.1390625 0.0078125 0.0078125
0 0.390625 0.346875 0.034375 0.0140625
0 0.56953125 0.26328125 0.01875 0.0140625
0 0.565625 0.27421875 0.0140625 0.0109375
0 0.5859375 0.2703125 0.0125 0.0109375
0 0.50078125 0.28046875 0.0109375 0.0078125
0 0.56640625 0.31171875 0.0375 0.0203125
0 0.5765625 0.28828125 0.009375 0.0109375