2 0.53671875 0.0984375 0.0359375 0.021875
2 0.48671875 0.08671875 0.03125 0.01875
2 0.13984375 0.1546875 0.046875 0.025
2 0.075 0.178125 0.0296875 0.0140625
2 0.14375 0.19921875 0.0453125 0.0203125
2 0.14921875 0.0578125 0.021875 0.0125
2 0.81015625 0.221875 0.05625 0.0296875
2 0.6 0.334375 0.05 0.028125
2 0.47109375 0.31640625 0.0453125 0.025
2 0.39375 0.34296875 0.0484375 0.03125
2 0.478125 0.38984375 0.0359375 0.0203125
2 0.07578125 0.55 0.0640625 0.03125
2 0.59765625 0.4625 0.04375 0.025
2 0.50390625 0.490625 0.053125 0.0265625
2 0.6359375 0.51796875 0.0515625 0.0328125
2 0.55625 0.5375 0.040625 0.0296875
2 0.87265625 0.46640625 0.0234375 0.0171875
2 0.88515625 0.4125 0.028125 0.0171875
2 0.79296875 0.65390625 0.0375 0.01875
2 0.59609375 0.61796875 0.028125 0.0234375
2 0.8984375 0.7140625 0.0421875 0.0203125
2 0.92421875 0.7609375 0.03125 0.0203125
2 0.90234375 0.7671875 0.034375 0.0234375
2 0.828125 0.86640625 0.0375 0.021875
2 0.971875 0.82265625 0.0359375 0.0203125
2 0.8125 0.81875 0.0171875 0.0171875
2 0.8328125 0.721875 0.0359375 0.0203125
2 0.63125 0.86875 0.0421875 0.028125
2 0.51171875 0.8375 0.0453125 0.028125
2 0.46953125 0.84375 0.040625 0.0265625
2 0.2859375 0.890625 0.04375 0.0359375
2 0.14921875 0.96484375 0.05 0.034375
2 0.16796875 0.7234375 0.040625 0.0265625
2 0.2375 0.68203125 0.03125 0.0234375
2 0.13671875 0.67109375 0.053125 0.03125
2 0.59609375 0.98515625 0.028125 0.0203125
2 0.73046875 0.984375 0.028125 0.021875