2 0.64609375 0.27109375 0.04375 0.021875
2 0.45859375 0.31640625 0.071875 0.0421875
2 0.02421875 0.36875 0.0484375 0.0546875
2 0.58671875 0.4203125 0.0703125 0.04375
2 0.64375 0.40546875 0.0796875 0.0453125
2 0.68515625 0.4359375 0.078125 0.0390625
2 0.72890625 0.4125 0.0734375 0.0375
2 0.84765625 0.48984375 0.05625 0.0296875
2 0.25625 0.55546875 0.0921875 0.05625
2 0.18515625 0.58125 0.1015625 0.0515625
2 0.10859375 0.6046875 0.084375 0.034375
2 0.78359375 0.56484375 0.025 0.01875
2 0.72421875 0.6234375 0.0625 0.028125
2 0.72734375 0.64921875 0.0515625 0.0234375
2 0.90078125 0.6203125 0.0390625 0.0203125
2 0.92890625 0.6390625 0.0390625 0.01875
2 0.559375 0.678125 0.0515625 0.021875
2 0.1 0.80859375 0.0375 0.025
2 0.51640625 0.82265625 0.040625 0.0171875
2 0.78046875 0.86640625 0.0328125 0.01875
2 0.88984375 0.90546875 0.0359375 0.021875
2 0.96328125 0.89453125 0.0296875 0.015625
2 0.98359375 0.921875 0.015625 0.009375