2 0.04140625 0.68828125 0.0375 0.046875
2 0.03984375 0.78671875 0.0328125 0.0453125
2 0.01640625 0.8109375 0.0296875 0.0421875
2 0.06953125 0.9171875 0.0359375 0.0421875
2 0.04375 0.95078125 0.0296875 0.034375
2 0.13671875 0.8 0.0234375 0.0421875
2 0.21328125 0.92734375 0.0359375 0.04375
2 0.28359375 0.3203125 0.0203125 0.040625
2 0.15390625 0.57578125 0.0359375 0.05
2 0.21328125 0.628125 0.0359375 0.0515625
2 0.24453125 0.61640625 0.0328125 0.046875
2 0.21875 0.70390625 0.0234375 0.0421875
2 0.25390625 0.70390625 0.03125 0.0421875
2 0.296875 0.72109375 0.03125 0.0453125
2 0.3296875 0.57578125 0.0265625 0.0421875
2 0.36171875 0.48515625 0.025 0.0375
2 0.37265625 0.6 0.0203125 0.0421875
2 0.41328125 0.7484375 0.034375 0.046875
2 0.46171875 0.71015625 0.025 0.0359375
2 0.465625 0.603125 0.0296875 0.040625
2 0.3953125 0.28203125 0.03125 0.046875
2 0.303125 0.38125 0.028125 0.025
2 0.35234375 0.3140625 0.0265625 0.0390625
2 0.30234375 0.34765625 0.03125 0.0421875
2 0.32109375 0.325 0.03125 0.0421875
2 0.32890625 0.353125 0.04375 0.05
2 0.34609375 0.37421875 0.0296875 0.0296875
2 0.43671875 0.38984375 0.025 0.0421875
2 0.41796875 0.2734375 0.0203125 0.028125
2 0.465625 0.4078125 0.0265625 0.0359375
2 0.43515625 0.46015625 0.0203125 0.034375
2 0.47109375 0.50625 0.0234375 0.0359375
2 0.49921875 0.51640625 0.0265625 0.0328125
2 0.51796875 0.3578125 0.0328125 0.0390625
2 0.50859375 0.38671875 0.021875 0.028125
2 0.51875 0.26484375 0.025 0.04375
2 0.5390625 0.30625 0.03125 0.0359375
2 0.42265625 0.81328125 0.028125 0.040625
2 0.4953125 0.875 0.025 0.0296875
2 0.43046875 0.9265625 0.021875 0.0234375
2 0.9796875 0.54609375 0.0234375 0.028125
2 0.9921875 0.68125 0.015625 0.034375
2 0.61484375 0.56796875 0.0203125 0.028125
2 0.64296875 0.6203125 0.0171875 0.0203125
2 0.64140625 0.6734375 0.015625 0.025
2 0.67265625 0.671875 0.0125 0.0171875
2 0.65234375 0.5859375 0.0125 0.01875
2 0.6484375 0.56171875 0.0140625 0.0203125
2 0.67578125 0.55625 0.0140625 0.01875
2 0.684375 0.5203125 0.0078125 0.0109375
2 0.690625 0.51484375 0.0078125 0.009375
2 0.68671875 0.62421875 0.0078125 0.015625
2 0.7140625 0.615625 0.0109375 0.0171875
2 0.7015625 0.70703125 0.0125 0.01875
2 0.7140625 0.6796875 0.0125 0.0140625
2 0.7296875 0.66484375 0.0078125 0.0140625
2 0.71953125 0.65859375 0.0078125 0.0109375
2 0.678125 0.8359375 0.009375 0.0125
2 0.678125 0.8265625 0.0078125 0.0109375
2 0.65078125 0.80859375 0.009375 0.0109375
2 0.703125 0.8109375 0.0078125 0.0140625
2 0.71171875 0.809375 0.0078125 0.0140625
2 0.72578125 0.79453125 0.0125 0.0125
2 0.71328125 0.74453125 0.0125 0.0171875
2 0.74453125 0.71640625 0.0109375 0.0171875
2 0.74453125 0.7359375 0.0125 0.015625
2 0.77890625 0.7046875 0.0125 0.0125
2 0.7625 0.715625 0.0109375 0.015625
2 0.753125 0.72109375 0.0078125 0.0140625
2 0.7609375 0.7859375 0.0109375 0.015625
2 0.809375 0.89296875 0.0125 0.01875
2 0.7890625 0.88203125 0.009375 0.0140625
2 0.775 0.86328125 0.0109375 0.0140625
2 0.81171875 0.815625 0.0109375 0.015625
2 0.7921875 0.74765625 0.0109375 0.0140625
2 0.76953125 0.5875 0.0125 0.0171875
2 0.77734375 0.62421875 0.0125 0.0109375
2 0.7796875 0.59140625 0.009375 0.009375
2 0.8625 0.57734375 0.0109375 0.0125
2 0.86484375 0.546875 0.009375 0.015625
2 0.89765625 0.5875 0.0078125 0.0109375
2 0.88984375 0.6453125 0.0109375 0.0125
2 0.83828125 0.65234375 0.009375 0.0109375
2 0.8125 0.646875 0.009375 0.0125
2 0.815625 0.671875 0.009375 0.0109375
2 0.83046875 0.728125 0.0078125 0.0125
2 0.8671875 0.6875 0.0109375 0.0125
2 0.8640625 0.71796875 0.0109375 0.0140625
2 0.865625 0.73828125 0.0078125 0.0140625
2 0.8796875 0.74921875 0.009375 0.0140625
2 0.8890625 0.71484375 0.009375 0.0140625
2 0.83359375 0.79765625 0.0125 0.01875
2 0.86015625 0.88515625 0.0078125 0.0140625
2 0.8765625 0.88515625 0.00625 0.0140625
2 0.91796875 0.878125 0.0078125 0.0125