0 0.053125 0.22109375 0.0171875 0.0328125
0 0.00859375 0.15703125 0.015625 0.0203125
0 0.009375 0.1765625 0.015625 0.0140625
0 0.09296875 0.109375 0.0109375 0.0171875
0 0.109375 0.11484375 0.015625 0.0296875
0 0.0984375 0.19609375 0.015625 0.0078125
0 0.09453125 0.2125 0.0109375 0.021875
0 0.103125 0.21171875 0.00625 0.009375
0 0.00625 0.06640625 0.0125 0.0140625
0 0.15390625 0.0859375 0.0140625 0.0171875
0 0.2046875 0.16015625 0.015625 0.03125
0 0.16015625 0.10546875 0.00625 0.009375
0 0.03671875 0.18671875 0.0125 0.0140625
0 0.03984375 0.20859375 0.0140625 0.021875
0 0.11171875 0.13984375 0.0078125 0.0203125
0 0.1015625 0.1359375 0.009375 0.0125
0 0.09375 0.021875 0.0125 0.01875
0 0.1109375 0.01640625 0.015625 0.021875
0 0.1265625 0.01640625 0.009375 0.0109375
0 0.146875 0.053125 0.009375 0.01875
0 0.2046875 0.03671875 0.0125 0.0125
0 0.2453125 0.04140625 0.0125 0.0265625
0 0.22421875 0.0578125 0.00625 0.0140625
0 0.3234375 0.01640625 0.0125 0.0234375
0 0.4109375 0.12890625 0.0171875 0.0234375
0 0.4515625 0.109375 0.015625 0.015625
0 0.44140625 0.171875 0.0125 0.0171875
0 0.478125 0.1703125 0.0109375 0.0171875
0 0.4921875 0.0828125 0.009375 0.01875
0 0.49765625 0.0703125 0.009375 0.0140625
0 0.41875 0.08046875 0.015625 0.021875
0 0.47421875 0.078125 0.015625 0.01875
0 0.434375 0.13359375 0.0109375 0.0234375
0 0.19296875 0.2890625 0.0078125 0.0171875
0 0.3265625 0.30859375 0.0203125 0.0328125
0 0.378125 0.31015625 0.0109375 0.015625
0 0.34765625 0.3984375 0.0140625 0.025
0 0.29375 0.41328125 0.0140625 0.0234375
0 0.23203125 0.41875 0.0109375 0.0140625
0 0.034375 0.37109375 0.0125 0.0234375
0 0.1421875 0.3671875 0.0140625 0.0234375
0 0.1890625 0.490625 0.025 0.025
0 0.15703125 0.55390625 0.0171875 0.05
0 0.05078125 0.534375 0.0109375 0.0203125
0 0.03046875 0.5234375 0.021875 0.0234375
0 0.14765625 0.4953125 0.00625 0.0171875
0 0.3796875 0.66015625 0.015625 0.0328125
0 0.3640625 0.6765625 0.0140625 0.0265625
0 0.334375 0.709375 0.028125 0.053125
0 0.1609375 0.90546875 0.025 0.0359375
0 0.115625 0.8484375 0.0125 0.025
0 0.14296875 0.8140625 0.0203125 0.021875
0 0.16875 0.8671875 0.01875 0.021875
0 0.32421875 0.946875 0.015625 0.028125
0 0.49765625 0.41171875 0.0296875 0.05
0 0.5328125 0.45234375 0.021875 0.0203125
0 0.51015625 0.50390625 0.0171875 0.040625
0 0.52890625 0.4953125 0.0109375 0.0171875
0 0.45859375 0.721875 0.015625 0.0265625
0 0.496875 0.6328125 0.01875 0.0359375
0 0.5125 0.72734375 0.015625 0.0296875
0 0.46796875 0.28828125 0.0171875 0.0265625
0 0.4453125 0.275 0.0125 0.03125
0 0.49375 0.30625 0.01875 0.040625
0 0.51171875 0.290625 0.0171875 0.0265625
0 0.58125 0.03203125 0.0234375 0.0484375
0 0.696875 0.19140625 0.028125 0.03125
0 0.69921875 0.23671875 0.028125 0.0296875
0 0.9359375 0.01484375 0.0265625 0.0296875
0 0.97265625 0.26640625 0.0296875 0.0390625
0 0.87421875 0.71875 0.025 0.0359375
0 0.840625 0.47578125 0.0140625 0.0296875
0 0.8671875 0.43203125 0.021875 0.0421875
0 0.9015625 0.41875 0.0171875 0.015625