2 0.4140625 0.18671875 0.1296875 0.0640625
2 0.26953125 0.2859375 0.1328125 0.04375
2 0.51875 0.54921875 0.1375 0.0671875
2 0.6515625 0.6375 0.10625 0.0703125
2 0.75859375 0.66953125 0.1265625 0.0640625
2 0.440625 0.6640625 0.103125 0.0609375
2 0.4453125 0.7109375 0.0890625 0.05
2 0.2828125 0.77578125 0.1109375 0.0515625
2 0.265625 0.80078125 0.078125 0.025
2 0.178125 0.796875 0.1015625 0.053125
2 0.2015625 0.840625 0.078125 0.04375
2 0.2453125 0.88203125 0.05 0.0453125
2 0.32421875 0.87578125 0.0765625 0.0375
2 0.4078125 0.8125 0.046875 0.021875
2 0.91328125 0.84609375 0.034375 0.021875
2 0.7953125 0.71640625 0.0375 0.028125