2 0.1171875 0.43046875 0.059375 0.065625
2 0.1921875 0.0375 0.0375 0.04375
2 0.3125 0.4578125 0.0484375 0.0765625
2 0.35625 0.46015625 0.034375 0.0453125
2 0.50078125 0.46953125 0.03125 0.04375
2 0.2578125 0.7671875 0.046875 0.065625
2 0.21171875 0.8265625 0.053125 0.0625
2 0.3359375 0.0171875 0.03125 0.034375
2 0.52890625 0.2890625 0.0171875 0.0265625
2 0.3046875 0.115625 0.0359375 0.0453125
2 0.28203125 0.6828125 0.0453125 0.0671875
2 0.1859375 0.61328125 0.040625 0.046875
2 0.49375 0.68046875 0.0234375 0.028125
2 0.390625 0.10234375 0.0234375 0.040625