2 0.32421875 0.61875 0.0515625 0.0671875
2 0.05390625 0.4171875 0.0515625 0.071875
2 0.01171875 0.740625 0.0234375 0.084375
2 0.36328125 0.83671875 0.05 0.071875
2 0.20703125 0.9609375 0.0578125 0.078125
2 0.47421875 0.7453125 0.065625 0.08125
2 0.64765625 0.96328125 0.0453125 0.0609375
2 0.71640625 0.68203125 0.046875 0.05625
2 0.66171875 0.65390625 0.0390625 0.0296875
0 0.04140625 0.11875 0.0375 0.059375
0 0.05859375 0.07421875 0.0296875 0.028125
0 0.0671875 0.09453125 0.034375 0.03125
0 0.01328125 0.1953125 0.0171875 0.0203125
0 0.05390625 0.2671875 0.025 0.0234375
0 0.06484375 0.2890625 0.0234375 0.01875
0 0.01875 0.29453125 0.009375 0.0234375
0 0.11953125 0.31015625 0.0171875 0.0203125
0 0.10234375 0.43046875 0.0234375 0.0453125
0 0.0796875 0.41171875 0.0125 0.01875
0 0.1 0.39453125 0.0125 0.0203125
0 0.1453125 0.48125 0.0125 0.0140625
0 0.06328125 0.57265625 0.0171875 0.015625
0 0.0078125 0.57734375 0.015625 0.0296875
0 0.25390625 0.26328125 0.0328125 0.028125
0 0.2625 0.2890625 0.0265625 0.05
0 0.2234375 0.2625 0.0203125 0.0265625
0 0.34296875 0.20703125 0.01875 0.028125
0 0.26640625 0.0375 0.015625 0.0328125
0 0.27578125 0.04609375 0.009375 0.01875
0 0.2453125 0.05 0.015625 0.015625
0 0.48671875 0.2484375 0.0234375 0.0390625
0 0.4921875 0.3421875 0.0203125 0.0234375
0 0.5 0.3125 0.009375 0.0234375
0 0.534375 0.28046875 0.0125 0.0265625
0 0.55078125 0.27734375 0.0125 0.0265625
0 0.571875 0.33671875 0.0125 0.0203125
0 0.571875 0.35625 0.009375 0.0125
0 0.67890625 0.33984375 0.015625 0.0265625
0 0.7234375 0.3328125 0.0109375 0.03125
0 0.48671875 0.459375 0.0296875 0.0296875
0 0.5109375 0.47265625 0.015625 0.0296875
0 0.48671875 0.50390625 0.01875 0.03125
0 0.546875 0.48671875 0.034375 0.0546875
0 0.5609375 0.440625 0.028125 0.0359375
0 0.5953125 0.47265625 0.028125 0.040625
0 0.56875 0.48125 0.009375 0.028125
0 0.5734375 0.5015625 0.0203125 0.0203125
0 0.59765625 0.509375 0.0234375 0.021875
0 0.61796875 0.39921875 0.0109375 0.0140625
0 0.659375 0.49375 0.0125 0.0203125
0 0.4359375 0.62734375 0.0140625 0.0234375
0 0.44765625 0.61015625 0.0140625 0.021875
0 0.43046875 0.67578125 0.0140625 0.0203125
0 0.44375 0.67578125 0.01875 0.01875
0 0.43203125 0.70625 0.0125 0.0203125
0 0.45859375 0.73203125 0.015625 0.025
0 0.55234375 0.58046875 0.01875 0.0328125
0 0.57109375 0.59609375 0.0125 0.0140625
0 0.584375 0.61875 0.0125 0.0203125
0 0.56875 0.659375 0.0125 0.015625
0 0.62421875 0.6203125 0.0171875 0.0171875
0 0.7078125 0.7125 0.01875 0.0234375
0 0.7203125 0.7078125 0.01875 0.0125
0 0.38359375 0.515625 0.0078125 0.0203125
0 0.3265625 0.509375 0.021875 0.0125
0 0.37890625 0.4703125 0.015625 0.0125
0 0.84296875 0.89140625 0.021875 0.0265625
0 0.82734375 0.82421875 0.015625 0.0265625
0 0.7546875 0.771875 0.0140625 0.01875
0 0.82421875 0.68046875 0.01875 0.0203125
0 0.6859375 0.7703125 0.0125 0.0125
0 0.77578125 0.9125 0.0171875 0.015625
0 0.81015625 0.940625 0.0203125 0.028125
0 0.25078125 0.33984375 0.0203125 0.0171875
0 0.24453125 0.290625 0.009375 0.0234375