2 0.48203125 0.159375 0.0703125 0.0453125
2 0.2015625 0.321875 0.084375 0.05
2 0.12734375 0.346875 0.034375 0.025
2 0.18203125 0.34375 0.0828125 0.0390625
2 0.18125 0.38359375 0.0828125 0.04375
2 0.02734375 0.38125 0.05 0.03125
2 0.3875 0.40234375 0.0984375 0.05625
2 0.7484375 0.2703125 0.0671875 0.0421875
2 0.56640625 0.490625 0.16875 0.0875
2 0.92734375 0.49296875 0.1453125 0.078125
2 0.55859375 0.73125 0.1421875 0.0703125
2 0.4734375 0.6875 0.0546875 0.0484375
2 0.3203125 0.753125 0.11875 0.0671875
2 0.37890625 0.74921875 0.08125 0.0578125
2 0.2734375 0.7734375 0.0984375 0.05
2 0.265625 0.8328125 0.0953125 0.05625
2 0.34140625 0.840625 0.075 0.0484375
2 0.13046875 0.75234375 0.040625 0.0328125
2 0.040625 0.79921875 0.08125 0.05
2 0.0875 0.86484375 0.0828125 0.0453125
2 0.02578125 0.88125 0.046875 0.04375
2 0.19921875 0.6296875 0.0703125 0.0421875
2 0.240625 0.6015625 0.05 0.0296875
2 0.0234375 0.5875 0.046875 0.0375
2 0.21875 0.5140625 0.0609375 0.034375