0 0.34765625 0.6359375 0.009375 0.003125
0 0.35390625 0.63359375 0.0046875 0.003125
0 0.3578125 0.63515625 0.0046875 0.003125
0 0.3625 0.634375 0.00625 0.0046875
0 0.3625 0.6390625 0.0078125 0.0046875
0 0.35625 0.6390625 0.0046875 0.003125
0 0.35234375 0.6375 0.0046875 0.003125
0 0.3484375 0.63984375 0.00625 0.003125
0 0.35234375 0.64296875 0.00625 0.003125
0 0.35703125 0.64375 0.003125 0.003125
0 0.36171875 0.64296875 0.0046875 0.003125
0 0.36796875 0.64140625 0.00625 0.0046875
0 0.36796875 0.64609375 0.0078125 0.0046875
0 0.3578125 0.64453125 0.0046875 0.003125
0 0.31796875 0.53203125 0.0125 0.0078125
0 0.32890625 0.52734375 0.00625 0.0046875
0 0.33671875 0.525 0.0046875 0.003125
0 0.3671875 0.5453125 0.00625 0.0046875
0 0.378125 0.55078125 0.0078125 0.003125
0 0.37890625 0.54765625 0.00625 0.003125
0 0.371875 0.54921875 0.0046875 0.003125
0 0.36484375 0.5484375 0.0046875 0.0015625
0 0.38671875 0.571875 0.00625 0.003125
0 0.36640625 0.55078125 0.00625 0.003125
0 0.2671875 0.54609375 0.00625 0.003125
0 0.228125 0.60078125 0.0078125 0.0046875
0 0.22890625 0.60546875 0.0046875 0.003125
0 0.221875 0.60078125 0.0046875 0.003125
0 0.03125 0.6265625 0.0078125 0.0046875
0 0.053125 0.603125 0.00625 0.0046875
0 0.0296875 0.6328125 0.015625 0.009375
0 0.0515625 0.63203125 0.00625 0.003125
0 0.09609375 0.75078125 0.0109375 0.0078125
0 0.0984375 0.74453125 0.0078125 0.003125
0 0.10390625 0.74921875 0.00625 0.003125
0 0.16171875 0.72109375 0.00625 0.0046875
0 0.12109375 0.71171875 0.0078125 0.0046875
0 0.046875 0.60390625 0.0046875 0.0046875
0 0.0453125 0.6078125 0.0046875 0.003125
0 0.24921875 0.45625 0.00625 0.00625
0 0.13125 0.2765625 0.0140625 0.0078125
0 0.121875 0.27265625 0.0046875 0.003125
0 0.10703125 0.259375 0.00625 0.0046875
0 0.09296875 0.22265625 0.009375 0.00625
0 0.18359375 0.25234375 0.00625 0.003125
0 0.18828125 0.2453125 0.0125 0.0046875
0 0.19609375 0.246875 0.0046875 0.0046875
0 0.18828125 0.24921875 0.0046875 0.0046875
0 0.1140625 0.278125 0.0078125 0.0046875
0 0.19453125 0.2921875 0.00625 0.0046875
0 0.1921875 0.29453125 0.0046875 0.0046875
0 0.20078125 0.28203125 0.0078125 0.0046875
0 0.18359375 0.284375 0.0078125 0.0046875
0 0.17734375 0.296875 0.00625 0.0046875
0 0.11953125 0.290625 0.0046875 0.003125
0 0.10546875 0.1890625 0.0046875 0.003125
0 0.0359375 0.1421875 0.0046875 0.0046875
0 0.04296875 0.140625 0.00625 0.003125
0 0.22109375 0.11953125 0.0078125 0.0046875
0 0.19375 0.12265625 0.0046875 0.003125
0 0.44296875 0.64140625 0.0125 0.0078125
0 0.421875 0.65234375 0.0125 0.009375
0 0.44296875 0.65390625 0.0078125 0.0046875
0 0.43359375 0.64296875 0.009375 0.003125
0 0.43125 0.646875 0.0109375 0.00625
0 0.46171875 0.64140625 0.009375 0.0078125
0 0.48671875 0.57265625 0.0046875 0.0046875
0 0.53203125 0.58359375 0.00625 0.0046875
0 0.5546875 0.58671875 0.0109375 0.0078125
0 0.58125 0.56953125 0.0078125 0.00625
0 0.57265625 0.5703125 0.0046875 0.003125
0 0.56640625 0.53984375 0.0140625 0.0046875
0 0.5515625 0.5375 0.0078125 0.00625
0 0.55859375 0.53671875 0.003125 0.0046875
0 0.5671875 0.5453125 0.00625 0.00625
0 0.61484375 0.5890625 0.0109375 0.0078125
0 0.709375 0.415625 0.009375 0.0078125
0 0.70703125 0.42109375 0.0046875 0.003125
0 0.6625 0.41640625 0.003125 0.003125
0 0.66484375 0.41875 0.003125 0.0015625
0 0.66171875 0.42109375 0.003125 0.003125
0 0.66875 0.41875 0.003125 0.0015625
0 0.66875 0.42109375 0.003125 0.0015625
0 0.66640625 0.43515625 0.003125 0.003125
2 0.74140625 0.41796875 0.0203125 0.0140625
2 0.759375 0.39765625 0.0109375 0.00625
2 0.7296875 0.40078125 0.0078125 0.00625
2 0.7203125 0.40078125 0.0046875 0.003125
2 0.57265625 0.43984375 0.0296875 0.0171875
2 0.45625 0.49765625 0.015625 0.0078125
2 0.209375 0.471875 0.04375 0.0265625
2 0.2703125 0.43359375 0.0375 0.025
2 0.16171875 0.41796875 0.025 0.0109375
2 0.3640625 0.2140625 0.03125 0.0234375
2 0.521875 0.171875 0.025 0.0203125
2 0.18515625 0.26328125 0.034375 0.0234375
2 0.3109375 0.34921875 0.034375 0.0140625
2 0.29375 0.38515625 0.0125 0.0078125
2 0.31953125 0.40546875 0.0140625 0.0125
2 0.4578125 0.309375 0.0140625 0.0078125
2 0.25859375 0.31640625 0.0140625 0.0109375
2 0.28046875 0.3234375 0.0140625 0.0078125
0 0.3140625 0.390625 0.009375 0.0046875
0 0.5890625 0.359375 0.0140625 0.009375
0 0.6046875 0.3859375 0.0109375 0.0109375
0 0.628125 0.39296875 0.0125 0.0078125
0 0.61484375 0.40234375 0.0078125 0.0046875
0 0.57734375 0.34375 0.0109375 0.0078125
0 0.609375 0.35859375 0.009375 0.00625
2 0.78359375 0.3171875 0.0203125 0.0140625
2 0.97890625 0.3125 0.0328125 0.01875
2 0.96640625 0.359375 0.015625 0.0078125
2 0.87890625 0.34765625 0.0203125 0.0125
2 0.9078125 0.36015625 0.00625 0.00625
2 0.94296875 0.38671875 0.028125 0.015625
2 0.99453125 0.3734375 0.0109375 0.0078125
2 0.8671875 0.39921875 0.0125 0.009375
2 0.78046875 0.51015625 0.0203125 0.015625
2 0.79609375 0.51015625 0.0171875 0.0140625
2 0.81484375 0.5078125 0.01875 0.0140625
2 0.83359375 0.55 0.025 0.015625
2 0.809375 0.58671875 0.0234375 0.0140625
2 0.81328125 0.59453125 0.0265625 0.0109375
2 0.75546875 0.596875 0.015625 0.0109375
2 0.78125 0.65625 0.021875 0.015625
2 0.77578125 0.659375 0.0203125 0.0125
2 0.67734375 0.64453125 0.0171875 0.0125
2 0.65859375 0.65 0.009375 0.00625
2 0.9734375 0.6609375 0.0296875 0.0203125
2 0.86484375 0.58203125 0.0171875 0.0109375
2 0.9375 0.54765625 0.0203125 0.0109375
2 0.884375 0.5453125 0.0171875 0.0109375
2 0.9390625 0.61484375 0.0171875 0.0109375
2 0.74921875 0.50859375 0.015625 0.009375
2 0.77109375 0.46796875 0.015625 0.0109375
2 0.77265625 0.49453125 0.0140625 0.009375
0 0.53828125 0.5 0.00625 0.003125
0 0.5375 0.50234375 0.0046875 0.003125
0 0.54375 0.50078125 0.0046875 0.003125
0 0.55234375 0.503125 0.0046875 0.0046875
0 0.52890625 0.54609375 0.0046875 0.003125
0 0.5109375 0.58671875 0.0078125 0.0046875
0 0.4828125 0.58046875 0.003125 0.003125
0 0.47734375 0.58515625 0.0046875 0.003125
0 0.4296875 0.5703125 0.003125 0.003125
0 0.45546875 0.56328125 0.0046875 0.003125
0 0.428125 0.5859375 0.003125 0.003125
0 0.40625 0.62265625 0.0046875 0.003125
0 0.40078125 0.61328125 0.003125 0.0015625
0 0.35390625 0.61796875 0.0078125 0.003125
0 0.3796875 0.6171875 0.003125 0.0015625
0 0.38984375 0.61484375 0.003125 0.003125
2 0.03125 0.72890625 0.0421875 0.0265625
2 0.3 0.71171875 0.034375 0.021875
2 0.028125 0.84921875 0.05625 0.0359375
2 0.009375 0.759375 0.0171875 0.0375
2 0.36953125 0.9234375 0.0296875 0.0234375
2 0.56640625 0.6875 0.015625 0.0109375
2 0.52109375 0.6703125 0.0203125 0.009375