2 0.75703125 0.6046875 0.0359375 0.0390625
2 0.31953125 0.75625 0.0296875 0.0375
2 0.5171875 0.92734375 0.028125 0.040625
2 0.80703125 0.28828125 0.03125 0.0390625
2 0.6140625 0.3015625 0.028125 0.028125
2 0.66640625 0.76484375 0.0328125 0.0375
2 0.665625 0.9484375 0.0328125 0.0421875
2 0.603125 0.928125 0.028125 0.0359375
2 0.796875 0.684375 0.028125 0.0359375
2 0.03515625 0.26015625 0.0265625 0.028125
2 0.5703125 0.14921875 0.028125 0.0328125
2 0.315625 0.50390625 0.0265625 0.0328125
2 0.7171875 0.77265625 0.028125 0.0265625
2 0.009375 0.96796875 0.01875 0.034375
2 0.0796875 0.78203125 0.0296875 0.03125
2 0.48984375 0.51796875 0.03125 0.040625
2 0.253125 0.7734375 0.028125 0.0296875
2 0.896875 0.47421875 0.028125 0.0328125
2 0.31015625 0.28828125 0.025 0.0265625
2 0.40703125 0.73515625 0.03125 0.028125
2 0.83828125 0.36484375 0.025 0.03125
2 0.52890625 0.965625 0.03125 0.034375
2 0.8375 0.24921875 0.0265625 0.0234375
2 0.87578125 0.88515625 0.021875 0.0234375
2 0.23828125 0.4671875 0.028125 0.028125
2 0.53203125 0.871875 0.025 0.028125
2 0.69921875 0.0265625 0.025 0.025
2 0.77421875 0.4671875 0.0265625 0.0328125
2 0.0875 0.53125 0.0203125 0.0328125
2 0.209375 0.36015625 0.01875 0.0234375
2 0.38203125 0.38046875 0.028125 0.028125
2 0.446875 0.67890625 0.025 0.0234375
2 0.41875 0.83515625 0.0234375 0.021875
2 0.02734375 0.990625 0.021875 0.01875
2 0.0125 0.871875 0.0203125 0.021875
2 0.8921875 0.17734375 0.0203125 0.0203125
2 0.021875 0.35625 0.0265625 0.0296875
2 0.196875 0.43984375 0.0265625 0.025
2 0.91953125 0.3125 0.0265625 0.0234375
2 0.51015625 0.890625 0.0234375 0.021875
2 0.11953125 0.56796875 0.01875 0.025
2 0.09375 0.55 0.021875 0.025
2 0.415625 0.665625 0.01875 0.0234375
2 0.58828125 0.25078125 0.0203125 0.0203125
2 0.15625 0.53046875 0.0171875 0.0234375
2 0.01171875 0.34140625 0.0171875 0.025
2 0.8328125 0.48359375 0.0234375 0.0203125
0 0.65859375 0.17890625 0.0125 0.025
0 0.51796875 0.159375 0.0171875 0.021875
0 0.54765625 0.096875 0.015625 0.025
0 0.671875 0.1828125 0.015625 0.0265625
0 0.65546875 0.2953125 0.01875 0.028125
0 0.6421875 0.30078125 0.0125 0.021875
0 0.66875 0.3453125 0.015625 0.0203125
0 0.6046875 0.40078125 0.015625 0.025
0 0.61328125 0.4078125 0.015625 0.025
0 0.584375 0.43515625 0.015625 0.0234375
0 0.57265625 0.48671875 0.0125 0.0265625
0 0.57890625 0.47734375 0.015625 0.0234375
0 0.53828125 0.4703125 0.015625 0.015625
0 0.46328125 0.46796875 0.0125 0.015625
0 0.465625 0.4828125 0.0125 0.015625
0 0.58984375 0.51171875 0.0140625 0.021875
0 0.63046875 0.5171875 0.015625 0.0234375
0 0.58984375 0.284375 0.0125 0.0328125
0 0.60078125 0.28203125 0.0109375 0.01875
0 0.5515625 0.2265625 0.015625 0.0234375
0 0.52578125 0.20390625 0.015625 0.021875
0 0.54609375 0.18828125 0.0125 0.0171875
0 0.5578125 0.18984375 0.0125 0.015625
0 0.546875 0.178125 0.015625 0.0140625
0 0.5390625 0.15390625 0.0125 0.0203125
0 0.478125 0.23125 0.015625 0.021875
0 0.4875 0.2265625 0.0109375 0.0171875
0 0.4328125 0.24765625 0.015625 0.01875
0 0.43359375 0.26484375 0.0125 0.0171875
0 0.43046875 0.22734375 0.015625 0.01875
0 0.41015625 0.19296875 0.0125 0.0171875
0 0.421875 0.2015625 0.0109375 0.0171875
0 0.4109375 0.21015625 0.0109375 0.01875
0 0.4125 0.1703125 0.009375 0.0125
0 0.48984375 0.1453125 0.0140625 0.01875
0 0.428125 0.3296875 0.0125 0.0140625
0 0.43125 0.3453125 0.0109375 0.0203125
0 0.3625 0.3234375 0.0125 0.0234375
0 0.27265625 0.2703125 0.0171875 0.021875
0 0.275 0.28125 0.01875 0.015625
0 0.34921875 0.22578125 0.0125 0.0171875
0 0.4046875 0.10859375 0.009375 0.01875
0 0.26796875 0.2328125 0.0125 0.0171875
0 0.2765625 0.24375 0.0125 0.0234375
0 0.4203125 0.28515625 0.0140625 0.015625
0 0.32578125 0.36328125 0.0125 0.0140625
0 0.2875 0.484375 0.015625 0.0234375
0 0.3859375 0.5109375 0.0140625 0.0203125
0 0.39140625 0.534375 0.0140625 0.0203125
0 0.37890625 0.5265625 0.015625 0.0203125
0 0.26640625 0.3875 0.009375 0.01875
0 0.2734375 0.39765625 0.0109375 0.01875
0 0.3109375 0.3703125 0.0140625 0.015625
0 0.28828125 0.35 0.0140625 0.015625
0 0.29609375 0.33203125 0.015625 0.0171875
0 0.17890625 0.31796875 0.0140625 0.0203125
0 0.12265625 0.26875 0.009375 0.0171875
0 0.115625 0.28515625 0.0171875 0.0203125
0 0.12734375 0.3203125 0.0109375 0.015625
0 0.09921875 0.40859375 0.01875 0.025
0 0.16953125 0.48046875 0.015625 0.0203125
0 0.14375 0.4953125 0.015625 0.0234375
0 0.1296875 0.49375 0.0140625 0.0234375
0 0.11171875 0.5109375 0.009375 0.025
0 0.11796875 0.509375 0.0171875 0.025
0 0.13203125 0.51640625 0.0140625 0.01875
0 0.08515625 0.45390625 0.015625 0.025
0 0.08828125 0.4125 0.0109375 0.015625
0 0.26015625 0.16171875 0.0140625 0.01875
0 0.25859375 0.18046875 0.0125 0.01875
0 0.4734375 0.596875 0.015625 0.0265625
0 0.5734375 0.5921875 0.015625 0.021875
0 0.43359375 0.65546875 0.015625 0.0234375
0 0.2109375 0.6671875 0.01875 0.03125
0 0.1328125 0.61171875 0.0203125 0.0265625
0 0.1390625 0.64765625 0.015625 0.0203125
0 0.2421875 0.62890625 0.015625 0.0234375