2 0.2609375 0.5515625 0.0296875 0.0484375
2 0.27578125 0.49921875 0.0171875 0.0296875
2 0.28515625 0.51953125 0.0328125 0.0390625
2 0.3453125 0.3703125 0.025 0.0453125
2 0.30546875 0.28359375 0.0390625 0.04375
2 0.346875 0.240625 0.028125 0.04375
2 0.40078125 0.290625 0.0234375 0.040625
2 0.4265625 0.30390625 0.0265625 0.03125
2 0.31796875 0.215625 0.0203125 0.0359375
2 0.30390625 0.21328125 0.03125 0.0359375
2 0.309375 0.1640625 0.0328125 0.040625
2 0.3125 0.09375 0.03125 0.0421875
2 0.38359375 0.1125 0.0296875 0.046875
2 0.47265625 0.1046875 0.0375 0.0546875
2 0.40625 0.07890625 0.0171875 0.0296875
2 0.4125 0.68203125 0.0296875 0.046875
2 0.45 0.6921875 0.034375 0.05
2 0.4625 0.7625 0.0515625 0.0625
2 0.49765625 0.73984375 0.0421875 0.05625
2 0.55078125 0.48203125 0.03125 0.0453125
2 0.578125 0.43671875 0.0296875 0.0375
2 0.7359375 0.77265625 0.0375 0.0515625
2 0.9109375 0.8234375 0.025 0.046875
2 0.978125 0.840625 0.04375 0.05
2 0.9578125 0.87421875 0.0296875 0.0421875
2 0.98125 0.91796875 0.0375 0.065625
2 0.615625 0.2328125 0.0359375 0.059375
2 0.64375 0.221875 0.03125 0.040625
2 0.515625 0.2375 0.025 0.0265625
2 0.50703125 0.15625 0.0234375 0.0265625
2 0.521875 0.21171875 0.0265625 0.0328125
2 0.85078125 0.24375 0.0296875 0.028125
2 0.8640625 0.2171875 0.0234375 0.0359375
2 0.81328125 0.3421875 0.0171875 0.025
2 0.7765625 0.27578125 0.028125 0.0390625
2 0.9109375 0.29609375 0.0328125 0.040625
2 0.9453125 0.1640625 0.021875 0.05
2 0.96953125 0.175 0.0296875 0.03125
2 0.99140625 0.45703125 0.015625 0.0703125
2 0.98203125 0.61953125 0.0359375 0.05
2 0.978125 0.6859375 0.04375 0.046875
2 0.6265625 0.10390625 0.040625 0.0546875