2 0.54296875 0.56015625 0.040625 0.040625
2 0.4796875 0.6046875 0.0328125 0.0515625
2 0.54609375 0.6265625 0.028125 0.0421875
2 0.49765625 0.17109375 0.0234375 0.0359375
2 0.0421875 0.15625 0.0515625 0.0734375
2 0.11015625 0.503125 0.04375 0.059375
2 0.2296875 0.534375 0.0359375 0.05625
2 0.33046875 0.8546875 0.028125 0.04375
2 0.6765625 0.2609375 0.0203125 0.0234375
2 0.4875 0.03671875 0.028125 0.03125
2 0.6203125 0.4265625 0.0125 0.0203125
2 0.57265625 0.40546875 0.025 0.0359375
2 0.59765625 0.3671875 0.021875 0.0296875