2 0.4890625 0.21953125 0.078125 0.046875
2 0.9453125 0.16953125 0.078125 0.040625
2 0.64140625 0.35546875 0.0875 0.0546875
2 0.57578125 0.36015625 0.071875 0.053125
2 0.41796875 0.31796875 0.0640625 0.04375
2 0.50390625 0.3375 0.0765625 0.04375
2 0.5609375 0.29921875 0.0578125 0.03125
2 0.83671875 0.48359375 0.090625 0.05
2 0.57109375 0.546875 0.09375 0.053125
2 0.4921875 0.55234375 0.0703125 0.04375
2 0.60390625 0.58359375 0.0765625 0.0265625
2 0.9328125 0.68828125 0.0734375 0.0421875
2 0.659375 0.7328125 0.0484375 0.0265625
2 0.19453125 0.6625 0.0484375 0.0328125
2 0.146875 0.65859375 0.0515625 0.0328125
2 0.17421875 0.70546875 0.053125 0.028125
2 0.23828125 0.73125 0.04375 0.015625
2 0.24296875 0.7109375 0.0484375 0.03125
2 0.421875 0.67890625 0.0671875 0.040625
2 0.26015625 0.42265625 0.0609375 0.0421875
2 0.3359375 0.4140625 0.0875 0.0515625
2 0.18515625 0.3140625 0.0390625 0.0234375
2 0.1484375 0.32421875 0.0453125 0.0203125
2 0.14140625 0.340625 0.034375 0.015625
2 0.1390625 0.5390625 0.04375 0.0234375
2 0.18984375 0.55234375 0.03125 0.0140625
2 0.61953125 0.475 0.0421875 0.025
2 0.08828125 0.453125 0.0453125 0.0203125
2 0.05078125 0.44765625 0.0234375 0.0125
2 0.0609375 0.46328125 0.0296875 0.0140625
2 0.725 0.40390625 0.03125 0.0171875
2 0.73203125 0.3375 0.0609375 0.0390625
2 0.9796875 0.3515625 0.040625 0.04375
2 0.91640625 0.496875 0.071875 0.04375
2 0.3484375 0.21875 0.0515625 0.0296875
2 0.5609375 0.21328125 0.0671875 0.0328125
2 0.3015625 0.22421875 0.040625 0.025
2 0.784375 0.08125 0.03125 0.0171875