2 0.409375 0.6421875 0.0234375 0.0328125
2 0.378125 0.63984375 0.01875 0.0203125
2 0.4625 0.52265625 0.0234375 0.0359375
2 0.47265625 0.490625 0.0265625 0.0359375
2 0.51484375 0.32109375 0.015625 0.025
2 0.5390625 0.3109375 0.0203125 0.0234375
2 0.56953125 0.31953125 0.015625 0.0234375
2 0.56953125 0.15703125 0.01875 0.03125
2 0.44296875 0.17109375 0.021875 0.0171875
2 0.1796875 0.3859375 0.021875 0.0234375
2 0.18671875 0.409375 0.0171875 0.021875
2 0.175 0.4296875 0.0171875 0.01875
2 0.1890625 0.45078125 0.0203125 0.0265625
2 0.1890625 0.60859375 0.0203125 0.028125
2 0.20234375 0.65390625 0.015625 0.028125
2 0.19296875 0.6578125 0.0125 0.01875
2 0.14140625 0.6609375 0.021875 0.0203125
2 0.6765625 0.815625 0.0203125 0.021875
2 0.62109375 0.71171875 0.021875 0.028125
2 0.525 0.6546875 0.0203125 0.0234375
2 0.5359375 0.56484375 0.0171875 0.025
2 0.6921875 0.4859375 0.0140625 0.0234375
2 0.7046875 0.44765625 0.0203125 0.0203125
2 0.68828125 0.4328125 0.015625 0.0171875
2 0.696875 0.40078125 0.0203125 0.0109375
2 0.665625 0.41875 0.0203125 0.0234375
2 0.50078125 0.87109375 0.01875 0.0234375
2 0.64609375 0.8515625 0.021875 0.0359375
2 0.3703125 0.8328125 0.01875 0.0265625
2 0.484375 0.8203125 0.015625 0.0203125
2 0.47109375 0.80859375 0.01875 0.025
2 0.3703125 0.515625 0.0234375 0.0296875
2 0.31796875 0.91953125 0.015625 0.034375
2 0.28671875 0.7578125 0.021875 0.0390625
2 0.21328125 0.68671875 0.021875 0.0234375
2 0.22734375 0.64609375 0.0171875 0.0234375
2 0.2671875 0.51015625 0.015625 0.0234375
2 0.44921875 0.72421875 0.0234375 0.028125
2 0.4203125 0.86015625 0.0265625 0.028125