2 0.4234375 0.38515625 0.0375 0.0578125
2 0.5 0.4828125 0.0375 0.0515625
2 0.4140625 0.61328125 0.0375 0.053125
2 0.225 0.46875 0.0203125 0.04375
2 0.403125 0.78359375 0.028125 0.053125
2 0.10390625 0.721875 0.0296875 0.053125
2 0.11796875 0.284375 0.01875 0.0375
2 0.78359375 0.52734375 0.0234375 0.0234375
2 0.8046875 0.51875 0.021875 0.01875
2 0.63046875 0.690625 0.0203125 0.028125
2 0.634375 0.74609375 0.0296875 0.0296875
2 0.609375 0.77109375 0.0296875 0.040625
2 0.6625 0.77734375 0.0203125 0.0234375
2 0.64609375 0.7640625 0.0125 0.0265625