2 0.121875 0.146875 0.06875 0.06875
2 0.13046875 0.31875 0.0671875 0.0921875
2 0.24453125 0.425 0.053125 0.0609375
2 0.36015625 0.2546875 0.0578125 0.1109375
2 0.2484375 0.30390625 0.0875 0.125
2 0.29140625 0.24140625 0.0859375 0.1171875
2 0.4140625 0.10625 0.0765625 0.1078125
2 0.55625 0.084375 0.0828125 0.11875
2 0.8078125 0.10546875 0.078125 0.1078125
2 0.5375 0.309375 0.0640625 0.0984375
2 0.6109375 0.32578125 0.065625 0.1015625
2 0.14609375 0.73671875 0.0640625 0.084375
2 0.203125 0.75078125 0.0546875 0.090625
2 0.27578125 0.5890625 0.053125 0.090625
2 0.3296875 0.61171875 0.078125 0.103125
2 0.49453125 0.6625 0.0359375 0.046875
2 0.51875 0.73984375 0.034375 0.046875
2 0.4921875 0.79765625 0.028125 0.040625
2 0.46640625 0.8 0.0296875 0.0328125
2 0.4609375 0.76171875 0.0265625 0.03125
2 0.45703125 0.72109375 0.028125 0.0421875
2 0.60546875 0.94765625 0.0484375 0.053125
2 0.85078125 0.96796875 0.1015625 0.0640625
2 0.74453125 0.94921875 0.078125 0.1015625
2 0.7703125 0.7734375 0.0484375 0.096875
2 0.93359375 0.84609375 0.028125 0.046875
2 0.88984375 0.86953125 0.0234375 0.028125
2 0.90390625 0.90078125 0.021875 0.0296875
2 0.9703125 0.803125 0.021875 0.0265625
2 0.9734375 0.73828125 0.0203125 0.0296875
2 0.9890625 0.71796875 0.015625 0.03125
2 0.9890625 0.62109375 0.021875 0.053125
2 0.9734375 0.540625 0.0296875 0.0359375
2 0.8109375 0.5921875 0.01875 0.0328125
2 0.79140625 0.67421875 0.0234375 0.0328125
2 0.54453125 0.62578125 0.0203125 0.028125
2 0.50546875 0.4703125 0.059375 0.0859375
2 0.765625 0.38515625 0.0421875 0.084375
2 0.7109375 0.34296875 0.046875 0.0734375