2 0.80859375 0.14296875 0.0703125 0.0421875
2 0.69375 0.28828125 0.065625 0.025
2 0.39375 0.43203125 0.10625 0.059375
2 0.4640625 0.525 0.0875 0.0484375
2 0.3234375 0.53046875 0.0875 0.05
2 0.8453125 0.59609375 0.109375 0.0546875
2 0.3171875 0.61953125 0.075 0.040625
2 0.2640625 0.640625 0.071875 0.034375
2 0.1015625 0.83046875 0.078125 0.034375
2 0.4703125 0.834375 0.08125 0.040625
2 0.5078125 0.86484375 0.0765625 0.0296875
2 0.3796875 0.8734375 0.021875 0.015625
2 0.221875 0.86171875 0.025 0.0140625
2 0.04609375 0.9171875 0.0359375 0.015625
2 0.46953125 0.91640625 0.0234375 0.0171875
2 0.615625 0.8953125 0.0234375 0.0125
2 0.93515625 0.8546875 0.08125 0.0453125