0 0.47734375 0.43671875 0.0078125 0.0125
0 0.47890625 0.4453125 0.0046875 0.00625
0 0.48203125 0.4390625 0.00625 0.0109375
0 0.48046875 0.46015625 0.00625 0.0125
0 0.490625 0.4703125 0.0203125 0.021875
0 0.5015625 0.45546875 0.0078125 0.0109375
0 0.51171875 0.49765625 0.0109375 0.0109375
0 0.51953125 0.496875 0.0078125 0.0125
0 0.49921875 0.49921875 0.009375 0.009375
0 0.38515625 0.49453125 0.00625 0.0078125
0 0.38203125 0.4984375 0.0078125 0.0078125
0 0.390625 0.4953125 0.0046875 0.0109375
0 0.39140625 0.50234375 0.0046875 0.00625
0 0.38515625 0.37578125 0.00625 0.00625
0 0.38984375 0.38125 0.0046875 0.0078125
0 0.38984375 0.37578125 0.0078125 0.0078125
0 0.459375 0.36953125 0.0046875 0.015625
0 0.4546875 0.37421875 0.00625 0.0078125
0 0.45625 0.37890625 0.0046875 0.0078125
0 0.46171875 0.38671875 0.0046875 0.0046875
0 0.46953125 0.39921875 0.003125 0.009375
0 0.559375 0.4078125 0.0046875 0.0078125
0 0.56015625 0.4171875 0.00625 0.0078125
0 0.5625 0.42421875 0.0078125 0.0125
0 0.54296875 0.41484375 0.0046875 0.00625
0 0.51796875 0.3765625 0.0046875 0.00625
0 0.44140625 0.31875 0.00625 0.0078125
0 0.4421875 0.32578125 0.009375 0.0109375
0 0.45390625 0.32265625 0.0046875 0.00625
0 0.5234375 0.31015625 0.0109375 0.0125
0 0.52578125 0.32109375 0.0046875 0.00625
0 0.5390625 0.3 0.00625 0.00625
0 0.54375 0.303125 0.0078125 0.0078125
0 0.5375 0.30625 0.0046875 0.0046875
0 0.53203125 0.30625 0.0046875 0.00625
0 0.56875 0.290625 0.0046875 0.0078125
0 0.5734375 0.28984375 0.0046875 0.0078125
0 0.58671875 0.3015625 0.00625 0.0078125
0 0.5765625 0.3078125 0.0046875 0.0078125
0 0.58203125 0.3078125 0.00625 0.0078125
0 0.578125 0.31328125 0.0046875 0.00625
0 0.5796875 0.31875 0.0046875 0.00625
0 0.525 0.08984375 0.0125 0.0203125
0 0.5171875 0.06875 0.0078125 0.009375
0 0.51796875 0.07578125 0.0046875 0.00625
0 0.4828125 0.05625 0.00625 0.0125
0 0.47421875 0.053125 0.0078125 0.0125
0 0.44921875 0.71484375 0.0140625 0.0265625
0 0.4375 0.73203125 0.0078125 0.0125
0 0.446875 0.73046875 0.0046875 0.00625
0 0.453125 0.72890625 0.00625 0.0078125
0 0.44765625 0.72421875 0.0078125 0.009375
0 0.3875 0.70546875 0.0078125 0.009375
0 0.38984375 0.69609375 0.0078125 0.0109375
0 0.40390625 0.69609375 0.00625 0.00625
0 0.43125 0.6828125 0.0046875 0.0078125
0 0.4296875 0.67734375 0.0046875 0.0046875
0 0.4265625 0.6828125 0.0046875 0.00625
0 0.440625 0.76953125 0.0046875 0.009375
0 0.4328125 0.7875 0.0046875 0.0046875
0 0.4359375 0.790625 0.0046875 0.00625
0 0.4296875 0.76640625 0.0046875 0.0078125
0 0.11171875 0.7421875 0.00625 0.0046875
0 0.10625 0.74375 0.00625 0.0078125
0 0.09375 0.7484375 0.00625 0.009375
0 0.09765625 0.75234375 0.00625 0.009375
0 0.1328125 0.77421875 0.0046875 0.0046875
0 0.15 0.6921875 0.003125 0.0078125
0 0.13984375 0.68671875 0.00625 0.0078125
0 0.14921875 0.68125 0.0078125 0.00625
0 0.16328125 0.665625 0.00625 0.00625
0 0.05 0.484375 0.0078125 0.009375
0 0.0453125 0.48203125 0.0046875 0.00625
0 0.1015625 0.48203125 0.00625 0.0078125
0 0.10390625 0.4875 0.0046875 0.00625
0 0.2140625 0.4765625 0.00625 0.0078125
0 0.21796875 0.4875 0.0078125 0.0109375
0 0.2390625 0.49765625 0.0078125 0.0109375
0 0.23671875 0.47734375 0.00625 0.0078125
0 0.23671875 0.4890625 0.00625 0.0078125
0 0.2421875 0.4875 0.0046875 0.0046875
0 0.22890625 0.46171875 0.0046875 0.009375
0 0.22890625 0.45390625 0.003125 0.0046875
0 0.15 0.37265625 0.0140625 0.0140625
0 0.15859375 0.38828125 0.0109375 0.0125
0 0.1171875 0.41953125 0.00625 0.00625
0 0.090625 0.4046875 0.0046875 0.0046875
0 0.08671875 0.42421875 0.0046875 0.0078125
0 0.0984375 0.3625 0.0046875 0.0078125
0 0.05546875 0.27578125 0.0078125 0.0078125
0 0.059375 0.28203125 0.0046875 0.0046875
0 0.18046875 0.27421875 0.00625 0.00625
0 0.18671875 0.271875 0.003125 0.00625
0 0.17734375 0.19375 0.0078125 0.0078125
0 0.1515625 0.1234375 0.009375 0.00625
0 0.1578125 0.1296875 0.0078125 0.0046875
0 0.16171875 0.13359375 0.0015625 0.0046875
0 0.05078125 0.075 0.0046875 0.0078125
0 0.09921875 0.24140625 0.0046875 0.0078125
0 0.1640625 0.0703125 0.0046875 0.009375
0 0.14375 0.02109375 0.0046875 0.0046875
0 0.1640625 0.15859375 0.00625 0.00625
0 0.1671875 0.15703125 0.0046875 0.0046875
0 0.203125 0.18125 0.003125 0.0078125
0 0.32734375 0.07578125 0.00625 0.00625
0 0.32734375 0.0890625 0.0078125 0.015625
0 0.31953125 0.11875 0.0046875 0.009375
0 0.29453125 0.3140625 0.0078125 0.0078125
0 0.31328125 0.32109375 0.0046875 0.0078125
0 0.3 0.3265625 0.0078125 0.0078125
0 0.30703125 0.31640625 0.0046875 0.00625
0 0.25703125 0.578125 0.009375 0.015625
0 0.26796875 0.58359375 0.009375 0.0171875
0 0.290625 0.509375 0.003125 0.0046875
0 0.29375 0.50625 0.003125 0.0046875
0 0.29375 0.6609375 0.0046875 0.00625
0 0.2859375 0.65234375 0.003125 0.00625
0 0.32578125 0.7375 0.0046875 0.00625
2 0.625 0.17109375 0.0390625 0.05625
2 0.72109375 0.17265625 0.015625 0.0203125
2 0.78125 0.1796875 0.0125 0.0125
2 0.38671875 0.621875 0.0328125 0.0359375
2 0.653125 0.6296875 0.0125 0.0171875
2 0.6734375 0.64765625 0.01875 0.028125
2 0.36015625 0.60078125 0.0265625 0.028125
2 0.3328125 0.6765625 0.021875 0.0296875
2 0.31171875 0.68828125 0.0171875 0.028125
2 0.6078125 0.64140625 0.015625 0.0203125
2 0.3671875 0.96328125 0.01875 0.0296875
2 0.26328125 0.9265625 0.0171875 0.0265625
2 0.103125 0.765625 0.0203125 0.0265625
2 0.10078125 0.6421875 0.0203125 0.0171875
2 0.12578125 0.74453125 0.0140625 0.028125
2 0.109375 0.753125 0.01875 0.0125
2 0.5796875 0.53828125 0.021875 0.0328125
2 0.60390625 0.6921875 0.0109375 0.015625
2 0.640625 0.675 0.0109375 0.0125
2 0.56875 0.77265625 0.0109375 0.015625
2 0.68828125 0.8546875 0.015625 0.0234375