2 0.61015625 0.03671875 0.0859375 0.053125
2 0.44296875 0.05703125 0.06875 0.040625
2 0.2109375 0.04453125 0.05625 0.034375
2 0.41875 0.2296875 0.0484375 0.034375
2 0.415625 0.2625 0.053125 0.0296875
2 0.28984375 0.29140625 0.04375 0.034375
2 0.534375 0.50390625 0.1484375 0.0875
2 0.30234375 0.49609375 0.0484375 0.021875
2 0.2609375 0.48828125 0.0296875 0.0265625
2 0.07890625 0.48203125 0.0484375 0.0203125
2 0.628125 0.59140625 0.090625 0.059375
2 0.78671875 0.65390625 0.14375 0.071875
2 0.65703125 0.76953125 0.03125 0.0234375
2 0.73671875 0.82421875 0.065625 0.021875