2 0.1734375 0.04375 0.1015625 0.0671875
2 0.27578125 0.06484375 0.0765625 0.0546875
2 0.3859375 0.04609375 0.0921875 0.0734375
2 0.4484375 0.02421875 0.090625 0.0484375
2 0.503125 0.1765625 0.0609375 0.0515625
2 0.5421875 0.21875 0.053125 0.034375
2 0.1328125 0.28125 0.08125 0.053125
2 0.28203125 0.38515625 0.1140625 0.090625
2 0.38828125 0.36328125 0.096875 0.0703125
2 0.32265625 0.43046875 0.08125 0.0484375
2 0.50390625 0.365625 0.1203125 0.090625
2 0.42578125 0.421875 0.1140625 0.065625
2 0.465625 0.46796875 0.1140625 0.08125
2 0.353125 0.4640625 0.103125 0.090625
2 0.57421875 0.43046875 0.0921875 0.065625
2 0.78671875 0.3765625 0.1046875 0.0625
2 0.5953125 0.48984375 0.0984375 0.0765625
2 0.690625 0.4796875 0.1265625 0.08125
2 0.6921875 0.52734375 0.0875 0.059375
2 0.80390625 0.49609375 0.0625 0.0671875
2 0.9203125 0.515625 0.0703125 0.0546875
2 0.1171875 0.5359375 0.09375 0.0515625
2 0.240625 0.53828125 0.1 0.06875
2 0.46640625 0.6953125 0.0546875 0.0390625
2 0.2203125 0.86484375 0.0609375 0.04375
2 0.496875 0.978125 0.0359375 0.0328125
2 0.88359375 0.96484375 0.09375 0.065625
2 0.6671875 0.878125 0.046875 0.028125
2 0.67421875 0.90859375 0.0359375 0.021875
2 0.678125 0.934375 0.0203125 0.01875
2 0.70703125 0.94921875 0.0375 0.015625
2 0.75625 0.96796875 0.0359375 0.03125
2 0.63515625 0.99375 0.0484375 0.0125
2 0.58046875 0.99609375 0.025 0.0078125
2 0.08046875 0.9859375 0.0359375 0.025
2 0.15703125 0.9078125 0.034375 0.0234375
2 0.1578125 0.9328125 0.0296875 0.015625
2 0.85390625 0.8734375 0.084375 0.05
2 0.95 0.86640625 0.05625 0.03125
2 0.946875 0.8109375 0.0859375 0.0796875
2 0.8515625 0.7390625 0.0765625 0.0390625
2 0.67890625 0.77890625 0.0421875 0.0265625
2 0.65 0.696875 0.0375 0.0265625