2 0.1640625 0.4203125 0.0453125 0.0546875
2 0.140625 0.62734375 0.0296875 0.0453125
2 0.05390625 0.69765625 0.040625 0.0546875
2 0.13828125 0.759375 0.071875 0.0734375
2 0.3078125 0.94765625 0.109375 0.0953125
2 0.3640625 0.625 0.05 0.0796875
2 0.41171875 0.7125 0.0734375 0.0921875
2 0.48359375 0.94765625 0.0828125 0.1046875
2 0.565625 0.4296875 0.065625 0.0875
2 0.771875 0.525 0.059375 0.0796875
2 0.796875 0.6203125 0.0453125 0.04375
2 0.7859375 0.70234375 0.034375 0.0515625
2 0.9234375 0.6578125 0.0578125 0.075
2 0.828125 0.4328125 0.0546875 0.0796875
2 0.76171875 0.36875 0.059375 0.0859375
2 0.71015625 0.3203125 0.0453125 0.059375
2 0.7953125 0.196875 0.053125 0.0765625
2 0.97578125 0.27109375 0.0484375 0.0984375