2 0.7171875 0.11640625 0.0484375 0.0265625
2 0.7015625 0.1375 0.046875 0.025
2 0.875 0.2921875 0.028125 0.015625
2 0.8484375 0.3265625 0.0203125 0.0140625
2 0.6421875 0.3234375 0.0328125 0.009375
2 0.59296875 0.26875 0.0234375 0.0125
2 0.26171875 0.33359375 0.034375 0.0171875
2 0.22109375 0.33984375 0.025 0.0171875
2 0.13359375 0.3359375 0.028125 0.0140625
2 0.38828125 0.3921875 0.0328125 0.015625
2 0.4328125 0.39296875 0.0296875 0.021875
2 0.4015625 0.41953125 0.0390625 0.025
2 0.21171875 0.4421875 0.0328125 0.0109375
2 0.14140625 0.49140625 0.021875 0.0125
2 0.09609375 0.47421875 0.0171875 0.009375
2 0.35078125 0.459375 0.025 0.01875
2 0.36171875 0.47421875 0.0328125 0.015625
2 0.71171875 0.45625 0.0421875 0.0203125
2 0.95078125 0.44296875 0.028125 0.0109375
2 0.95234375 0.484375 0.021875 0.021875
2 0.728125 0.57265625 0.0421875 0.028125
2 0.90234375 0.59609375 0.03125 0.0203125
2 0.80859375 0.6296875 0.0453125 0.0234375
2 0.71171875 0.6140625 0.040625 0.0234375
2 0.73046875 0.62890625 0.0421875 0.021875
2 0.728125 0.64296875 0.040625 0.0125
2 0.92734375 0.67421875 0.040625 0.025
2 0.90859375 0.68671875 0.0453125 0.0234375
2 0.30625 0.6390625 0.0375 0.0203125
2 0.365625 0.63515625 0.0359375 0.0203125
2 0.2078125 0.58046875 0.0296875 0.0171875
2 0.2453125 0.7 0.0203125 0.0109375
2 0.0265625 0.4953125 0.0265625 0.0140625
2 0.03125 0.74453125 0.0421875 0.01875
2 0.190625 0.75 0.0234375 0.0125
2 0.2046875 0.77421875 0.0265625 0.015625
2 0.24296875 0.828125 0.0328125 0.01875
2 0.425 0.81484375 0.0453125 0.028125
2 0.325 0.88984375 0.0296875 0.025
2 0.43828125 0.86328125 0.0265625 0.0234375
2 0.46328125 0.87421875 0.0171875 0.01875
2 0.50078125 0.88984375 0.034375 0.0234375
2 0.47890625 0.8890625 0.0125 0.015625
2 0.559375 0.875 0.015625 0.021875
2 0.69375 0.87578125 0.0265625 0.0171875
2 0.8046875 0.75078125 0.0453125 0.0234375
2 0.8234375 0.73671875 0.0421875 0.015625
2 0.7890625 0.72578125 0.0328125 0.028125
2 0.90234375 0.75859375 0.0328125 0.009375
2 0.84296875 0.8015625 0.0421875 0.01875