0 0.28828125 0.265625 0.125 0.1484375
0 0.209375 0.49296875 0.053125 0.04375
0 0.2671875 0.4421875 0.096875 0.1265625
0 0.4125 0.4015625 0.053125 0.0578125
0 0.49921875 0.353125 0.0421875 0.0671875
0 0.49609375 0.40625 0.0421875 0.0484375
0 0.5421875 0.43828125 0.0515625 0.04375
0 0.49140625 0.4859375 0.0375 0.0859375
0 0.5078125 0.5359375 0.1015625 0.1296875
0 0.4359375 0.4734375 0.046875 0.05625
0 0.31015625 0.0734375 0.1015625 0.146875
0 0.18984375 0.0796875 0.0515625 0.046875
0 0.28984375 0.53671875 0.034375 0.0515625
0 0.2578125 0.16953125 0.103125 0.109375
0 0.309375 0.16875 0.0296875 0.0578125
0 0.24453125 0.1015625 0.025 0.0234375
0 0.17890625 0.0140625 0.0484375 0.028125