2 0.2109375 0.0234375 0.034375 0.046875
2 0.10234375 0.2296875 0.0328125 0.0453125
2 0.078125 0.2296875 0.0203125 0.0453125
2 0.1390625 0.16796875 0.0421875 0.0453125
2 0.24765625 0.1625 0.0390625 0.0453125
2 0.31640625 0.271875 0.034375 0.0515625
2 0.03671875 0.34375 0.0296875 0.03125
2 0.29765625 0.82109375 0.028125 0.040625
2 0.321875 0.83515625 0.0140625 0.0171875
2 0.2640625 0.9609375 0.015625 0.028125
2 0.27734375 0.98515625 0.0203125 0.028125
2 0.36171875 0.4984375 0.0328125 0.0359375
2 0.40234375 0.678125 0.028125 0.04375
2 0.43125 0.71328125 0.028125 0.0359375
2 0.47578125 0.371875 0.03125 0.05
2 0.4703125 0.54296875 0.0296875 0.0453125
2 0.453125 0.61171875 0.03125 0.0390625
2 0.51796875 0.51328125 0.0328125 0.0453125
2 0.5453125 0.5953125 0.0265625 0.04375
2 0.496875 0.8546875 0.0328125 0.06875
2 0.61640625 0.8921875 0.01875 0.0359375
2 0.47109375 0.128125 0.0296875 0.040625
2 0.49921875 0.15546875 0.0265625 0.034375
2 0.68671875 0.14453125 0.0390625 0.05625
2 0.615625 0.26328125 0.0375 0.046875
2 0.790625 0.04765625 0.046875 0.0609375
2 0.7953125 0.19609375 0.034375 0.04375
2 0.8046875 0.3671875 0.0390625 0.0484375
2 0.9171875 0.25 0.0484375 0.0609375
2 0.9921875 0.365625 0.015625 0.04375
2 0.73828125 0.640625 0.028125 0.0234375
2 0.6 0.6109375 0.0171875 0.025
2 0.8421875 0.896875 0.034375 0.025
2 0.80234375 0.94609375 0.028125 0.0484375
2 0.53671875 0.40234375 0.0265625 0.040625
2 0.915625 0.38828125 0.01875 0.021875
2 0.8484375 0.321875 0.0578125 0.0765625