2 0.4015625 0.19921875 0.0765625 0.05625
2 0.5515625 0.88125 0.0234375 0.0171875
2 0.675 0.98984375 0.03125 0.0203125
0 0.40078125 0.93828125 0.0296875 0.025
0 0.45 0.95703125 0.0390625 0.0328125
0 0.378125 0.98125 0.05 0.0375
0 0.46953125 0.9859375 0.0234375 0.0140625
0 0.31640625 0.8734375 0.034375 0.021875
0 0.3734375 0.9109375 0.0171875 0.0140625
0 0.05625 0.8578125 0.034375 0.01875
0 0.28359375 0.825 0.05625 0.0234375
0 0.35 0.778125 0.0546875 0.025
0 0.43359375 0.80546875 0.04375 0.021875
0 0.69609375 0.7953125 0.021875 0.015625
0 0.80078125 0.78671875 0.0265625 0.025
0 0.81875 0.8171875 0.04375 0.0203125
0 0.9765625 0.7921875 0.0296875 0.015625
0 0.82578125 0.9203125 0.034375 0.021875
0 0.915625 0.8578125 0.021875 0.028125
0 0.6828125 0.73515625 0.03125 0.0125
0 0.64609375 0.7984375 0.03125 0.0359375
0 0.15234375 0.71796875 0.028125 0.0203125
0 0.2 0.753125 0.021875 0.0125
0 0.378125 0.734375 0.040625 0.0203125
0 0.41953125 0.7171875 0.025 0.0203125
0 0.3171875 0.65859375 0.0171875 0.0375
0 0.2765625 0.6390625 0.034375 0.0109375
0 0.0265625 0.58828125 0.028125 0.0125
0 0.059375 0.5890625 0.021875 0.015625
0 0.06953125 0.5140625 0.03125 0.01875
0 0.0921875 0.48828125 0.0265625 0.01875
0 0.2046875 0.503125 0.0140625 0.0125
0 0.08125 0.540625 0.015625 0.0171875
0 0.0984375 0.56171875 0.0234375 0.0140625
0 0.403125 0.48203125 0.0390625 0.015625
0 0.4 0.51328125 0.028125 0.0203125
0 0.41953125 0.53984375 0.040625 0.0265625
0 0.50703125 0.56640625 0.04375 0.03125
0 0.46640625 0.46171875 0.04375 0.0234375
0 0.2234375 0.46171875 0.015625 0.0171875
0 0.33828125 0.44375 0.0265625 0.0140625
0 0.2015625 0.42109375 0.015625 0.0078125
0 0.221875 0.36171875 0.0171875 0.015625
0 0.23515625 0.375 0.021875 0.0125
0 0.38359375 0.36796875 0.015625 0.015625
0 0.165625 0.39609375 0.0203125 0.0078125
0 0.04296875 0.3203125 0.028125 0.0265625
0 0.1921875 0.31953125 0.025 0.0375
0 0.20234375 0.290625 0.0203125 0.0234375
0 0.43515625 0.28828125 0.03125 0.01875
0 0.496875 0.30703125 0.03125 0.025
0 0.2703125 0.225 0.009375 0.009375
0 0.57421875 0.25390625 0.028125 0.0234375
0 0.725 0.31171875 0.028125 0.0359375
0 0.746875 0.2375 0.03125 0.021875
0 0.9734375 0.20546875 0.034375 0.01875
0 0.8953125 0.42578125 0.025 0.0234375
0 0.821875 0.6875 0.040625 0.0359375
0 0.98671875 0.66640625 0.0265625 0.021875
0 0.97734375 0.6921875 0.0171875 0.015625
0 0.95390625 0.7109375 0.0203125 0.0234375