2 0.9078125 0.4046875 0.034375 0.04375
2 0.93046875 0.7046875 0.0296875 0.0484375
2 0.8453125 0.553125 0.0375 0.04375
2 0.846875 0.6234375 0.0375 0.059375
2 0.721875 0.5203125 0.0265625 0.0390625
2 0.6796875 0.49765625 0.0265625 0.040625
2 0.6421875 0.428125 0.028125 0.0546875
2 0.67109375 0.4140625 0.0390625 0.0421875
2 0.58828125 0.38203125 0.021875 0.03125
2 0.5265625 0.66875 0.028125 0.0359375
2 0.484375 0.5734375 0.025 0.0375
2 0.453125 0.72421875 0.028125 0.0359375
2 0.5296875 0.79296875 0.025 0.0296875
2 0.65546875 0.78828125 0.021875 0.0265625
2 0.53046875 0.9359375 0.028125 0.034375
2 0.50625 0.9390625 0.0265625 0.0421875
2 0.4328125 0.9171875 0.025 0.0390625
2 0.37578125 0.82109375 0.021875 0.0296875
2 0.8859375 0.85703125 0.0359375 0.034375
2 0.73125 0.815625 0.0234375 0.0359375
2 0.271875 0.2921875 0.0375 0.0359375
2 0.36171875 0.459375 0.0328125 0.0421875
2 0.24375 0.43125 0.0359375 0.0328125
2 0.328125 0.546875 0.0375 0.0421875
2 0.22421875 0.865625 0.0296875 0.0390625
2 0.21640625 0.81484375 0.028125 0.0296875
2 0.2171875 0.7640625 0.0203125 0.028125
2 0.25078125 0.75546875 0.0265625 0.0265625
2 0.2125 0.66796875 0.0296875 0.03125
2 0.884375 0.1609375 0.0359375 0.05625
2 0.76484375 0.134375 0.0390625 0.05625
2 0.753125 0.10703125 0.034375 0.040625
2 0.7328125 0.1328125 0.03125 0.05625
2 0.7328125 0.1671875 0.0359375 0.0328125
2 0.83671875 0.0453125 0.0390625 0.053125
2 0.9828125 0.01640625 0.034375 0.0328125
2 0.98125 0.11328125 0.0375 0.0609375
2 0.91015625 0.18203125 0.0375 0.040625
2 0.7546875 0.375 0.0359375 0.0484375
2 0.79765625 0.39765625 0.0375 0.0484375
2 0.8046875 0.3171875 0.025 0.0328125
2 0.79140625 0.2734375 0.040625 0.0484375
2 0.87734375 0.2453125 0.025 0.046875
2 0.646875 0.69609375 0.034375 0.059375
2 0.50078125 0.478125 0.034375 0.0421875
2 0.45546875 0.453125 0.034375 0.04375