2 0.828125 0.046875 0.0640625 0.034375
2 0.6 0.0171875 0.053125 0.028125
2 0.44609375 0.09296875 0.06875 0.03125
2 0.64140625 0.38359375 0.0734375 0.0328125
2 0.71640625 0.3921875 0.065625 0.0328125
2 0.1078125 0.428125 0.090625 0.040625
2 0.153125 0.5328125 0.0859375 0.0484375
2 0.03203125 0.57734375 0.0640625 0.040625
2 0.3234375 0.64765625 0.075 0.04375
2 0.36015625 0.81484375 0.0625 0.0265625
2 0.14609375 0.85859375 0.0609375 0.0328125
2 0.03203125 0.9625 0.0640625 0.059375
2 0.71171875 0.865625 0.034375 0.0171875