2 0.4375 0.30078125 0.0390625 0.021875
2 0.46640625 0.29375 0.025 0.01875
2 0.49609375 0.32578125 0.034375 0.021875
2 0.4203125 0.33515625 0.034375 0.01875
2 0.475 0.38828125 0.0375 0.0203125
2 0.334375 0.37265625 0.0296875 0.015625
2 0.3296875 0.3828125 0.0234375 0.009375
2 0.365625 0.39140625 0.015625 0.0109375
2 0.46875 0.41875 0.0125 0.0109375
2 0.540625 0.446875 0.040625 0.01875
2 0.6703125 0.38046875 0.028125 0.015625
2 0.83984375 0.2625 0.0265625 0.0203125
2 0.3296875 0.44375 0.0359375 0.01875
2 0.30625 0.45546875 0.034375 0.01875
2 0.26875 0.38515625 0.0203125 0.0125
2 0.2421875 0.403125 0.0265625 0.0109375
2 0.2140625 0.40546875 0.0203125 0.0109375
2 0.17421875 0.36796875 0.021875 0.0125
2 0.24609375 0.37890625 0.0125 0.0078125
2 0.16796875 0.40625 0.0140625 0.00625
2 0.1046875 0.46328125 0.025 0.0140625
2 0.1453125 0.47109375 0.021875 0.0109375
2 0.18515625 0.4609375 0.025 0.009375
2 0.1171875 0.47265625 0.03125 0.0171875
2 0.1359375 0.51171875 0.0296875 0.015625
2 0.046875 0.52578125 0.0234375 0.0078125
2 0.26015625 0.5171875 0.0328125 0.015625
2 0.2796875 0.50390625 0.0296875 0.01875
2 0.2984375 0.48515625 0.034375 0.0171875
2 0.2984375 0.53359375 0.028125 0.0140625
2 0.3125 0.53046875 0.0171875 0.0109375
2 0.28125 0.5515625 0.028125 0.015625
2 0.30546875 0.559375 0.0234375 0.0125
2 0.28359375 0.58359375 0.028125 0.015625
2 0.3921875 0.625 0.0296875 0.0140625
2 0.125 0.6484375 0.0171875 0.0109375
2 0.1390625 0.67421875 0.015625 0.00625
2 0.2875 0.721875 0.021875 0.0109375
2 0.30234375 0.83671875 0.0265625 0.0140625
2 0.165625 0.86796875 0.021875 0.0125
2 0.15078125 0.953125 0.0265625 0.0171875
2 0.32265625 0.9875 0.03125 0.0203125
2 0.540625 0.7296875 0.0296875 0.015625
2 0.51015625 0.7515625 0.0171875 0.009375
2 0.68203125 0.72890625 0.0359375 0.0203125
2 0.70625 0.709375 0.040625 0.0203125
2 0.73203125 0.75 0.0265625 0.025
2 0.834375 0.70703125 0.0375 0.0203125
2 0.734375 0.82109375 0.0359375 0.021875
2 0.84765625 0.825 0.028125 0.015625
2 0.88828125 0.775 0.0375 0.0203125
2 0.9421875 0.684375 0.0390625 0.0203125
2 0.9703125 0.671875 0.0265625 0.0109375
2 0.70703125 0.5984375 0.0453125 0.021875
2 0.63203125 0.603125 0.0390625 0.01875
2 0.58828125 0.63984375 0.0359375 0.021875
2 0.52734375 0.634375 0.0296875 0.0125
2 0.82578125 0.5046875 0.0421875 0.021875
2 0.91015625 0.4953125 0.0390625 0.01875