2 0.67265625 0.46796875 0.0703125 0.1125
0 0.45546875 0.38828125 0.078125 0.1421875
0 0.3671875 0.1078125 0.0890625 0.059375
0 0.51875 0.06796875 0.0546875 0.1140625
0 0.1984375 0.5921875 0.053125 0.0359375
0 0.45 0.703125 0.0640625 0.115625
0 0.58984375 0.0390625 0.0234375 0.025
0 0.7640625 0.54140625 0.08125 0.05
0 0.51796875 0.92109375 0.065625 0.1515625
0 0.3265625 0.890625 0.1046875 0.1375
0 0.28828125 0.6546875 0.03125 0.0609375
0 0.325 0.71640625 0.0265625 0.0671875
0 0.37421875 0.18828125 0.0359375 0.090625
0 0.42421875 0.19140625 0.0359375 0.090625
0 0.39375 0.70546875 0.0375 0.1203125
0 0.453125 0.93125 0.053125 0.090625
0 0.35703125 0.784375 0.0375 0.046875
0 0.61953125 0.22578125 0.01875 0.0375
0 0.640625 0.10078125 0.0203125 0.0390625
0 0.56953125 0.175 0.0125 0.028125