2 0.3640625 0.58671875 0.0453125 0.0734375
2 0.2515625 0.43984375 0.025 0.04375
2 0.59140625 0.8140625 0.0296875 0.04375
2 0.5625 0.97109375 0.0375 0.0578125
2 0.50703125 0.9328125 0.03125 0.05625
2 0.7734375 0.92734375 0.0359375 0.0515625
2 0.81953125 0.634375 0.0390625 0.0703125
2 0.9890625 0.75859375 0.021875 0.059375
2 0.80625 0.51015625 0.040625 0.0734375
2 0.66484375 0.621875 0.03125 0.0421875
2 0.7078125 0.1234375 0.075 0.1109375
2 0.3734375 0.503125 0.0421875 0.06875
2 0.26796875 0.94296875 0.0234375 0.0421875
2 0.15 0.97890625 0.0234375 0.040625
2 0.04765625 0.78828125 0.01875 0.028125