2 0.03046875 0.88671875 0.05625 0.0671875
2 0.0671875 0.96328125 0.025 0.034375
2 0.28828125 0.54765625 0.0421875 0.059375
2 0.43359375 0.70078125 0.0515625 0.06875
2 0.3921875 0.61875 0.0453125 0.0515625
2 0.0828125 0.4890625 0.0390625 0.0484375
2 0.16953125 0.265625 0.0453125 0.0609375
2 0.5890625 0.303125 0.0359375 0.0484375
2 0.58359375 0.6484375 0.0375 0.0546875
2 0.62265625 0.65625 0.0390625 0.05
2 0.83203125 0.41484375 0.0390625 0.0453125
2 0.85078125 0.228125 0.0421875 0.05625
2 0.78359375 0.83203125 0.0234375 0.0421875
2 0.82421875 0.74921875 0.028125 0.0421875
2 0.678125 0.0109375 0.046875 0.021875
2 0.1796875 0.10390625 0.0390625 0.040625
2 0.21484375 0.1921875 0.028125 0.0421875
2 0.93046875 0.0234375 0.0375 0.046875
2 0.9671875 0.0609375 0.0296875 0.040625