0 0.309375 0.2859375 0.034375 0.0625
0 0.35 0.28359375 0.059375 0.0578125
0 0.378125 0.47265625 0.0234375 0.0375
0 0.396875 0.4546875 0.0203125 0.0421875
0 0.403125 0.42578125 0.0296875 0.034375
0 0.50859375 0.4859375 0.0625 0.065625
0 0.478125 0.484375 0.015625 0.021875
0 0.55234375 0.52578125 0.0234375 0.0484375
0 0.5765625 0.5234375 0.0125 0.01875
0 0.6625 0.3984375 0.0453125 0.075
0 0.40546875 0.5296875 0.021875 0.0359375
0 0.41953125 0.6703125 0.0203125 0.0359375
0 0.45859375 0.7953125 0.015625 0.03125
0 0.546875 0.74765625 0.0125 0.0328125
0 0.69765625 0.3796875 0.0421875 0.0640625
0 0.97578125 0.6828125 0.021875 0.0296875
0 0.97421875 0.6359375 0.0296875 0.0390625
0 0.98359375 0.72265625 0.0328125 0.0421875
0 0.96171875 0.73828125 0.0265625 0.0296875
0 0.871875 0.80859375 0.03125 0.05
0 0.534375 0.70078125 0.015625 0.0234375
0 0.27265625 0.4765625 0.028125 0.0296875
0 0.59921875 0.66875 0.0234375 0.0375
0 0.6234375 0.6734375 0.0140625 0.01875
0 0.7078125 0.6546875 0.0203125 0.0390625
0 0.6734375 0.62421875 0.021875 0.0265625
0 0.6234375 0.14296875 0.0109375 0.03125
0 0.628125 0.18828125 0.0203125 0.0328125
0 0.540625 0.2640625 0.0171875 0.0234375
2 0.81953125 0.3640625 0.0828125 0.1078125
2 0.63515625 0.8609375 0.040625 0.0484375
2 0.13359375 0.37109375 0.0453125 0.065625
2 0.3328125 0.06015625 0.0671875 0.0984375
2 0.3453125 0.7015625 0.0421875 0.0578125
2 0.21640625 0.3171875 0.028125 0.0296875
2 0.2265625 0.26015625 0.025 0.0453125