2 0.51015625 0.3671875 0.0859375 0.1375
2 0.60703125 0.39375 0.096875 0.1421875
2 0.478125 0.54140625 0.0609375 0.0828125
2 0.6703125 0.62265625 0.096875 0.15625
2 0.80078125 0.7 0.0875 0.1359375
2 0.95703125 0.75859375 0.0859375 0.1265625
2 0.85859375 0.8671875 0.053125 0.090625
2 0.803125 0.7953125 0.0734375 0.0765625
2 0.94765625 0.146875 0.1 0.1625
2 0.9359375 0.0328125 0.046875 0.065625
2 0.64140625 0.940625 0.05 0.0859375
2 0.04375 0.95234375 0.059375 0.0953125
2 0.1859375 0.76484375 0.0328125 0.053125
2 0.94375 0.60703125 0.0609375 0.071875