2 0.49921875 0.040625 0.0328125 0.0375
2 0.5640625 0.0984375 0.0828125 0.05
2 0.95703125 0.2984375 0.05 0.01875
2 0.69296875 0.315625 0.034375 0.0125
2 0.4921875 0.3609375 0.1171875 0.065625
2 0.35546875 0.35078125 0.0875 0.059375
2 0.2609375 0.3609375 0.090625 0.05625
2 0.309375 0.41640625 0.0796875 0.0328125
2 0.49609375 0.446875 0.1296875 0.0546875
2 0.75703125 0.5109375 0.071875 0.028125
2 0.88515625 0.53203125 0.0671875 0.0390625
2 0.8125 0.5546875 0.084375 0.0265625
2 0.38046875 0.875 0.1203125 0.0578125