0 0.19765625 0.6671875 0.0328125 0.0359375
0 0.44453125 0.41484375 0.021875 0.0375
0 0.553125 0.36484375 0.0625 0.0859375
0 0.55546875 0.43828125 0.059375 0.084375
0 0.52734375 0.565625 0.0296875 0.0421875
0 0.571875 0.58359375 0.0390625 0.05
0 0.58671875 0.625 0.0265625 0.0359375
0 0.5296875 0.62578125 0.0171875 0.0359375
0 0.5015625 0.7859375 0.034375 0.0359375
0 0.52578125 0.79609375 0.0265625 0.0296875
0 0.51953125 0.34453125 0.0203125 0.0671875
0 0.4390625 0.3640625 0.0125 0.034375
2 0.58828125 0.2265625 0.0625 0.0921875
2 0.4671875 0.2046875 0.0578125 0.0609375
2 0.9640625 0.33203125 0.0359375 0.0546875
0 0.11328125 0.6171875 0.021875 0.03125