2 0.7890625 0.53984375 0.090625 0.0484375
2 0.84609375 0.76640625 0.078125 0.053125
2 0.15390625 0.5734375 0.0484375 0.0296875
2 0.0421875 0.62265625 0.0453125 0.0390625
2 0.0203125 0.5921875 0.040625 0.0234375
2 0.0171875 0.53203125 0.034375 0.0265625
2 0.1796875 0.44453125 0.05 0.028125
2 0.22890625 0.41171875 0.0484375 0.0296875
2 0.25234375 0.41953125 0.0046875 0.0046875
2 0.55859375 0.24453125 0.065625 0.034375
2 0.11484375 0.2515625 0.0421875 0.025
2 0.04765625 0.26875 0.0359375 0.0265625
2 0.015625 0.40234375 0.03125 0.0234375
2 0.07421875 0.43828125 0.0296875 0.0171875
2 0.04140625 0.3671875 0.0453125 0.021875
2 0.0390625 0.43515625 0.0234375 0.0109375
2 0.70234375 0.14140625 0.065625 0.0421875
2 0.97890625 0.14296875 0.0421875 0.0375
2 0.3125 0.77890625 0.0546875 0.0234375
2 0.4640625 0.8484375 0.04375 0.028125
2 0.34921875 0.84296875 0.0484375 0.0265625
2 0.2109375 0.35625 0.0375 0.0296875
2 0.240625 0.309375 0.0515625 0.021875
2 0.15078125 0.3265625 0.0390625 0.021875
2 0.15703125 0.2828125 0.040625 0.0234375
2 0.0921875 0.66171875 0.0328125 0.0203125
2 0.71015625 0.4515625 0.0359375 0.025