2 0.2515625 0.4875 0.0078125 0.009375
2 0.25546875 0.503125 0.0046875 0.0078125
2 0.259375 0.490625 0.0046875 0.009375
2 0.1578125 0.45 0.009375 0.015625
2 0.14765625 0.44296875 0.0109375 0.0140625
2 0.13828125 0.43984375 0.009375 0.0140625
2 0.15859375 0.38671875 0.0046875 0.0078125
2 0.16015625 0.37109375 0.0078125 0.0109375
2 0.109375 0.2640625 0.0140625 0.0171875
2 0.09453125 0.3109375 0.0125 0.0171875
2 0.15859375 0.3546875 0.0078125 0.0109375
2 0.14921875 0.353125 0.0078125 0.009375
2 0.1515625 0.3796875 0.00625 0.009375
2 0.14375 0.37734375 0.00625 0.0078125
2 0.10234375 0.36328125 0.0125 0.015625
2 0.1171875 0.38359375 0.0109375 0.0109375
2 0.0921875 0.3875 0.015625 0.0203125
2 0.06796875 0.35625 0.0109375 0.015625
2 0.0734375 0.38984375 0.0125 0.01875
2 0.0625 0.40703125 0.015625 0.0203125
2 0.01171875 0.40859375 0.0109375 0.0140625
2 0.0171875 0.4421875 0.0171875 0.021875
2 0.02109375 0.46171875 0.0140625 0.0203125
2 0.00703125 0.4546875 0.0140625 0.01875
2 0.00625 0.4640625 0.0125 0.015625
2 0.01875 0.5 0.0171875 0.0203125
2 0.00390625 0.51484375 0.0078125 0.0234375
2 0.071875 0.4671875 0.0140625 0.01875
2 0.08671875 0.48359375 0.0140625 0.0171875
2 0.07109375 0.52265625 0.0125 0.0203125
2 0.084375 0.53359375 0.0171875 0.0171875
2 0.02578125 0.58203125 0.0125 0.021875
2 0.065625 0.56953125 0.0171875 0.025
2 0.1203125 0.546875 0.0125 0.015625
2 0.13125 0.52265625 0.0125 0.015625
2 0.13828125 0.55078125 0.009375 0.0109375
2 0.15625 0.54453125 0.0109375 0.015625
2 0.1609375 0.48984375 0.00625 0.0109375
2 0.128125 0.571875 0.0109375 0.0125
2 0.11875 0.58046875 0.0109375 0.0109375
2 0.11953125 0.60546875 0.0125 0.0140625
2 0.10859375 0.59296875 0.009375 0.0125
2 0.2859375 0.5984375 0.015625 0.021875
2 0.29921875 0.57265625 0.0125 0.01875
2 0.30078125 0.61953125 0.0171875 0.0203125
2 0.284375 0.62421875 0.00625 0.0078125
2 0.29296875 0.6265625 0.0125 0.0203125
2 0.3046875 0.6421875 0.015625 0.0203125
2 0.31328125 0.64296875 0.0078125 0.0140625
2 0.34140625 0.6421875 0.0125 0.01875
2 0.3265625 0.659375 0.0078125 0.015625
2 0.3421875 0.659375 0.0140625 0.015625
2 0.33125 0.746875 0.0140625 0.0171875
2 0.35625 0.7265625 0.0125 0.0171875
2 0.353125 0.71171875 0.0140625 0.0171875
2 0.3546875 0.6828125 0.015625 0.0234375
2 0.3796875 0.665625 0.0140625 0.0203125
2 0.41953125 0.24765625 0.0171875 0.021875
2 0.43046875 0.37578125 0.0171875 0.025
2 0.45078125 0.49140625 0.0171875 0.021875
2 0.4765625 0.50625 0.0140625 0.01875
2 0.38515625 0.48046875 0.0171875 0.01875
2 0.36796875 0.50625 0.015625 0.0203125
2 0.371875 0.52265625 0.0125 0.015625
2 0.3875 0.4984375 0.0078125 0.01875
2 0.38984375 0.5859375 0.0140625 0.0234375
2 0.45078125 0.65703125 0.0203125 0.028125
2 0.46171875 0.765625 0.01875 0.025
2 0.41640625 0.78984375 0.015625 0.0203125
2 0.48515625 0.765625 0.015625 0.0203125
2 0.584375 0.65234375 0.0140625 0.025
2 0.56875 0.64765625 0.0140625 0.021875
2 0.5515625 0.65 0.015625 0.0203125
2 0.5703125 0.890625 0.0171875 0.025
2 0.528125 0.440625 0.0125 0.021875
2 0.534375 0.36875 0.0125 0.01875
2 0.525 0.34765625 0.0125 0.01875
2 0.5484375 0.309375 0.0125 0.0203125
2 0.5484375 0.28515625 0.0140625 0.0203125
2 0.43671875 0.28828125 0.0125 0.015625
2 0.603125 0.3375 0.0125 0.0171875
2 0.60078125 0.35078125 0.0140625 0.015625
2 0.5984375 0.45625 0.015625 0.01875
2 0.6296875 0.4484375 0.0125 0.015625
2 0.63671875 0.42734375 0.0125 0.0171875
2 0.6171875 0.390625 0.0109375 0.0171875
2 0.6609375 0.475 0.0109375 0.015625
2 0.6171875 0.56328125 0.0140625 0.0203125
2 0.71640625 0.25859375 0.015625 0.01875
2 0.70546875 0.2796875 0.0125 0.01875
2 0.73671875 0.31015625 0.0125 0.0140625
2 0.74140625 0.328125 0.015625 0.021875
2 0.71640625 0.365625 0.0171875 0.021875
2 0.84296875 0.31484375 0.04375 0.0546875
2 0.6703125 0.73671875 0.015625 0.0234375
2 0.6859375 0.74765625 0.0125 0.0234375
2 0.6953125 0.66640625 0.021875 0.0265625
2 0.71171875 0.6484375 0.01875 0.0234375
2 0.7515625 0.69609375 0.0125 0.01875
2 0.8109375 0.7984375 0.0375 0.05625
2 0.84140625 0.7796875 0.0109375 0.0171875
2 0.83984375 0.7609375 0.0109375 0.0171875
2 0.83359375 0.6859375 0.046875 0.0625
2 0.8140625 0.5359375 0.0359375 0.0546875
2 0.9640625 0.415625 0.0578125 0.0703125