2 0.1328125 0.26640625 0.0328125 0.0484375
2 0.146875 0.46875 0.021875 0.0375
2 0.1921875 0.4265625 0.0390625 0.05625
2 0.2296875 0.5046875 0.046875 0.053125
2 0.203125 0.5734375 0.0359375 0.05
2 0.171875 0.5984375 0.0484375 0.0625
2 0.09765625 0.72109375 0.034375 0.0546875
2 0.128125 0.7484375 0.0296875 0.034375
2 0.153125 0.7875 0.0375 0.0453125
2 0.234375 0.7609375 0.0359375 0.0515625
2 0.2953125 0.7109375 0.0390625 0.0609375
2 0.309375 0.79140625 0.0375 0.053125
2 0.31328125 0.44609375 0.0390625 0.05
2 0.3859375 0.47578125 0.0421875 0.0484375
2 0.36484375 0.5953125 0.0296875 0.0484375
2 0.409375 0.55390625 0.0328125 0.0515625
2 0.4453125 0.63828125 0.0375 0.0484375
2 0.4578125 0.44921875 0.034375 0.0546875
2 0.48671875 0.29921875 0.0390625 0.05625
2 0.50390625 0.38984375 0.040625 0.0625
2 0.5328125 0.5390625 0.0390625 0.0546875
2 0.496875 0.69296875 0.0296875 0.0484375
2 0.59296875 0.6265625 0.0421875 0.0515625
2 0.54140625 0.67890625 0.0234375 0.0515625
2 0.56328125 0.7125 0.03125 0.0578125
2 0.6109375 0.7296875 0.0421875 0.0453125
2 0.621875 0.7734375 0.0390625 0.053125
2 0.64609375 0.6875 0.0265625 0.0546875
2 0.60078125 0.696875 0.028125 0.03125
2 0.5375 0.35078125 0.034375 0.0546875
2 0.58671875 0.3453125 0.0265625 0.05
2 0.5890625 0.4296875 0.0359375 0.0609375
2 0.62109375 0.4390625 0.0390625 0.0578125
2 0.6625 0.4328125 0.034375 0.0484375
2 0.65234375 0.4796875 0.034375 0.0546875
2 0.721875 0.07265625 0.05 0.0484375
2 0.34296875 0.0171875 0.040625 0.034375
2 0.47265625 0.0609375 0.0359375 0.0390625
2 0.4328125 0.0515625 0.01875 0.0296875
2 0.46796875 0.1015625 0.0234375 0.0234375
2 0.4828125 0.13984375 0.015625 0.0265625
2 0.4046875 0.109375 0.0265625 0.0375
2 0.36484375 0.12265625 0.01875 0.03125
2 0.3328125 0.2046875 0.0359375 0.0390625
2 0.36953125 0.190625 0.0234375 0.0375
2 0.28203125 0.30859375 0.0265625 0.0375
2 0.28046875 0.2328125 0.0265625 0.034375
2 0.28046875 0.1890625 0.025 0.0390625
2 0.25390625 0.14765625 0.025 0.0421875
2 0.5109375 0.1234375 0.0234375 0.034375
2 0.55546875 0.1109375 0.034375 0.040625
2 0.43203125 0.2578125 0.0203125 0.03125
2 0.61875 0.2296875 0.0328125 0.046875
2 0.7984375 0.13515625 0.025 0.0421875
2 0.83359375 0.18984375 0.0296875 0.0390625
2 0.865625 0.2125 0.0296875 0.046875
2 0.8421875 0.21796875 0.03125 0.0484375
2 0.78203125 0.43203125 0.03125 0.040625
2 0.734375 0.2484375 0.0328125 0.04375