2 0.6984375 0.4765625 0.04375 0.040625
2 0.6421875 0.29453125 0.028125 0.03125
2 0.02265625 0.74453125 0.0171875 0.01875
2 0.13828125 0.27109375 0.0203125 0.021875
2 0.71875 0.60390625 0.0328125 0.0328125
2 0.09453125 0.546875 0.0140625 0.015625
2 0.06171875 0.4203125 0.0140625 0.0171875
2 0.1640625 0.55390625 0.0140625 0.0125
2 0.146875 0.43125 0.015625 0.015625
2 0.87890625 0.54453125 0.034375 0.04375
0 0.45390625 0.3203125 0.025 0.04375
0 0.45078125 0.4953125 0.0296875 0.0328125
0 0.55390625 0.3796875 0.028125 0.0453125
0 0.5828125 0.03125 0.0234375 0.0421875
0 0.6171875 0.04140625 0.01875 0.028125
0 0.9546875 0.25625 0.0203125 0.021875
0 0.4421875 0.5328125 0.0328125 0.03125
0 0.4828125 0.63515625 0.01875 0.0328125
0 0.4734375 0.3625 0.0203125 0.0234375
0 0.96875 0.125 0.021875 0.021875