2 0.6328125 0.05234375 0.1125 0.078125
2 0.80234375 0.06015625 0.1125 0.0734375
2 0.66328125 0.10625 0.10625 0.0578125
2 0.4296875 0.18671875 0.0953125 0.053125
2 0.43125 0.2296875 0.0859375 0.0453125
2 0.75625 0.16484375 0.0890625 0.0640625
2 0.76796875 0.2203125 0.09375 0.0546875
2 0.78515625 0.2703125 0.1 0.0390625
2 0.45 0.37734375 0.1234375 0.0703125
2 0.28203125 0.4 0.1015625 0.0578125
2 0.16875 0.42421875 0.090625 0.0390625
2 0.8640625 0.48671875 0.1265625 0.065625
2 0.5578125 0.58359375 0.1046875 0.0609375
2 0.65078125 0.6078125 0.1046875 0.05625
2 0.76875 0.5703125 0.0828125 0.0515625
2 0.846875 0.6125 0.0984375 0.0546875
2 0.91328125 0.63828125 0.05 0.03125
2 0.9671875 0.66875 0.059375 0.0296875
2 0.28984375 0.6703125 0.0828125 0.046875
2 0.14140625 0.71640625 0.0796875 0.0453125
2 0.2125 0.784375 0.08125 0.0453125
2 0.2296875 0.8171875 0.0765625 0.040625
2 0.153125 0.8265625 0.05625 0.0421875
2 0.38203125 0.78515625 0.071875 0.046875
2 0.42421875 0.79765625 0.0546875 0.0234375
2 0.50078125 0.8140625 0.0265625 0.03125
2 0.16484375 0.89375 0.0625 0.034375
2 0.6 0.846875 0.0453125 0.0296875
2 0.56640625 0.84765625 0.0421875 0.0296875
2 0.5921875 0.8625 0.0359375 0.0203125
2 0.63125 0.86796875 0.0453125 0.028125
2 0.76484375 0.84609375 0.04375 0.0265625
2 0.8875 0.91171875 0.0359375 0.021875
2 0.9203125 0.8671875 0.03125 0.0140625
2 0.92890625 0.77734375 0.0453125 0.028125
2 0.8140625 0.77734375 0.05 0.0265625
2 0.7390625 0.7640625 0.0265625 0.0234375
2 0.75625 0.7328125 0.025 0.01875
2 0.75078125 0.71640625 0.015625 0.0140625