2 0.525 0.2296875 0.49375 0.3
2 0.628125 0.56328125 0.1546875 0.0703125
2 0.0296875 0.7109375 0.05 0.01875
2 0.046875 0.846875 0.04375 0.025
2 0.10078125 0.88984375 0.04375 0.0171875
2 0.12265625 0.9484375 0.059375 0.0265625
2 0.6453125 0.9203125 0.03125 0.021875
2 0.66484375 0.91796875 0.0265625 0.01875
2 0.30546875 0.9234375 0.0265625 0.015625
2 0.365625 0.89765625 0.025 0.015625
2 0.31484375 0.8828125 0.025 0.0171875
2 0.28359375 0.909375 0.021875 0.0109375
2 0.2328125 0.8328125 0.0328125 0.0171875
2 0.390625 0.86796875 0.0234375 0.01875
2 0.31328125 0.68046875 0.0234375 0.015625
2 0.51796875 0.65234375 0.0671875 0.0296875