2 0.83671875 0.24375 0.028125 0.015625
2 0.78046875 0.28046875 0.0234375 0.015625
2 0.79296875 0.29140625 0.0234375 0.0140625
2 0.84140625 0.32578125 0.0296875 0.015625
2 0.9265625 0.3375 0.0296875 0.0171875
2 0.9390625 0.3609375 0.025 0.0125
2 0.90859375 0.36953125 0.0234375 0.0140625
2 0.80625 0.3453125 0.0171875 0.015625
2 0.696875 0.31640625 0.0203125 0.0125
2 0.71640625 0.34375 0.03125 0.0171875
2 0.2484375 0.2578125 0.0203125 0.0109375
2 0.16875 0.27578125 0.03125 0.015625
2 0.2546875 0.30078125 0.0390625 0.021875
2 0.14921875 0.37265625 0.0328125 0.01875
2 0.34375 0.3625 0.04375 0.021875
2 0.5890625 0.34453125 0.0234375 0.0171875
2 0.63671875 0.3671875 0.040625 0.01875
2 0.56171875 0.3921875 0.0296875 0.0203125
2 0.07109375 0.33359375 0.0140625 0.00625
2 0.090625 0.33984375 0.0125 0.009375
2 0.06953125 0.34375 0.0109375 0.0078125
2 0.05078125 0.34453125 0.0109375 0.0046875
2 0.7828125 0.37578125 0.0203125 0.015625
2 0.76796875 0.38828125 0.0265625 0.015625
2 0.95234375 0.42109375 0.025 0.0125
2 0.91640625 0.43515625 0.0265625 0.015625
2 0.94375 0.45390625 0.028125 0.0140625
2 0.9265625 0.45 0.0265625 0.01875
2 0.90859375 0.44921875 0.025 0.015625
2 0.82421875 0.44921875 0.0234375 0.0171875
2 0.41171875 0.4453125 0.0140625 0.0078125
2 0.165625 0.4390625 0.0375 0.0171875
2 0.33828125 0.50078125 0.0375 0.015625
2 0.4734375 0.4953125 0.0359375 0.021875
2 0.50859375 0.49375 0.0359375 0.0203125
2 0.85 0.496875 0.0296875 0.0109375
2 0.903125 0.50625 0.028125 0.0140625
2 0.93515625 0.53984375 0.0296875 0.015625
2 0.90703125 0.53984375 0.0140625 0.0109375
2 0.87734375 0.57578125 0.01875 0.0125
2 0.3953125 0.54140625 0.034375 0.01875
2 0.36484375 0.55 0.034375 0.01875
2 0.25390625 0.51875 0.0265625 0.0171875
2 0.2703125 0.5375 0.034375 0.0203125
2 0.2171875 0.5421875 0.0375 0.01875
2 0.1921875 0.5453125 0.0265625 0.01875
2 0.16015625 0.54296875 0.0375 0.01875
2 0.16328125 0.5546875 0.028125 0.009375
2 0.1390625 0.55625 0.025 0.015625
2 0.290625 0.57265625 0.0359375 0.0203125
2 0.27265625 0.56015625 0.03125 0.0171875
2 0.29140625 0.6125 0.0234375 0.0109375
2 0.30390625 0.62578125 0.03125 0.01875
2 0.2734375 0.6234375 0.028125 0.015625
2 0.28203125 0.63203125 0.03125 0.015625
2 0.1828125 0.621875 0.021875 0.0109375
2 0.2375 0.70078125 0.0234375 0.0125
2 0.1296875 0.71171875 0.025 0.01875
2 0.1578125 0.71328125 0.01875 0.015625
2 0.01171875 0.7015625 0.0234375 0.0109375
2 0.08046875 0.79375 0.0296875 0.0125
2 0.14453125 0.79453125 0.021875 0.0125
2 0.165625 0.79609375 0.0296875 0.0125
2 0.24296875 0.80703125 0.0390625 0.021875
2 0.3578125 0.68046875 0.0390625 0.01875
2 0.38984375 0.7140625 0.0203125 0.0203125
2 0.4015625 0.7296875 0.028125 0.0234375
2 0.62109375 0.86640625 0.0390625 0.0234375
2 0.6765625 0.83671875 0.034375 0.0234375
2 0.86484375 0.81953125 0.025 0.0140625
2 0.99375 0.7578125 0.0125 0.015625
2 0.8859375 0.7453125 0.03125 0.015625
2 0.903125 0.72421875 0.028125 0.01875
2 0.9375 0.73203125 0.0140625 0.0125
2 0.9890625 0.67109375 0.0171875 0.009375
2 0.9828125 0.68984375 0.025 0.0140625
2 0.96015625 0.6796875 0.0328125 0.0140625
2 0.9546875 0.69453125 0.028125 0.0109375
2 0.92578125 0.696875 0.0265625 0.015625
2 0.78984375 0.63359375 0.025 0.009375
2 0.67578125 0.67578125 0.025 0.0171875
2 0.70390625 0.6578125 0.01875 0.01875
2 0.6046875 0.65390625 0.0265625 0.015625
2 0.665625 0.63828125 0.0125 0.009375
2 0.6875 0.64921875 0.0109375 0.0125
2 0.6015625 0.534375 0.028125 0.0109375