2 0.4609375 0.203125 0.0140625 0.021875
2 0.4609375 0.21875 0.0125 0.015625
2 0.52890625 0.325 0.009375 0.0140625
2 0.47578125 0.38828125 0.0109375 0.015625
2 0.3859375 0.36640625 0.009375 0.0125
2 0.325 0.3875 0.0078125 0.0078125
2 0.31171875 0.4375 0.00625 0.009375
2 0.33359375 0.48828125 0.0078125 0.0109375
2 0.36015625 0.48671875 0.0078125 0.0078125
2 0.39296875 0.4140625 0.0078125 0.0125
2 0.39375 0.4390625 0.009375 0.0109375
2 0.46328125 0.4640625 0.0125 0.015625
2 0.4828125 0.428125 0.0109375 0.0171875
2 0.5296875 0.4859375 0.0125 0.01875
2 0.51484375 0.4875 0.0078125 0.0109375
2 0.52421875 0.5 0.0125 0.0140625
2 0.52734375 0.52578125 0.0109375 0.01875
2 0.5375 0.5359375 0.0125 0.0203125
2 0.471875 0.59765625 0.0140625 0.0203125
2 0.46328125 0.60078125 0.0078125 0.0109375
2 0.3703125 0.5984375 0.0109375 0.0125
2 0.30078125 0.684375 0.009375 0.0125
2 0.2953125 0.675 0.0078125 0.0109375
2 0.32578125 0.66796875 0.009375 0.0140625
2 0.31640625 0.696875 0.0109375 0.009375
2 0.31328125 0.71015625 0.0078125 0.0109375
2 0.303125 0.71015625 0.0078125 0.0109375
2 0.39140625 0.72734375 0.009375 0.0171875
2 0.3921875 0.75546875 0.0125 0.015625
2 0.39296875 0.78515625 0.0078125 0.0140625
2 0.3578125 0.71328125 0.0078125 0.0125
2 0.35703125 0.6828125 0.0078125 0.0109375
2 0.4140625 0.83359375 0.0078125 0.0140625
2 0.45625 0.78671875 0.00625 0.009375
2 0.5 0.73828125 0.0109375 0.0109375
2 0.48984375 0.69453125 0.0109375 0.015625
2 0.47890625 0.67421875 0.0109375 0.025
2 0.49453125 0.68125 0.0109375 0.0171875
2 0.51484375 0.7 0.0109375 0.0140625
2 0.52421875 0.65078125 0.0125 0.0140625
2 0.55625 0.64375 0.0109375 0.015625
2 0.58828125 0.7171875 0.0125 0.0171875
2 0.6 0.72578125 0.0125 0.015625
2 0.59609375 0.734375 0.0125 0.015625
2 0.5109375 0.57734375 0.0109375 0.0078125
2 0.61796875 0.64453125 0.0109375 0.009375
2 0.73515625 0.78984375 0.009375 0.0125
2 0.7125 0.6984375 0.0109375 0.009375
2 0.73125 0.66875 0.0078125 0.0125
2 0.7296875 0.74296875 0.009375 0.0109375
2 0.7328125 0.7359375 0.009375 0.0109375
2 0.6859375 0.71796875 0.0109375 0.0078125
2 0.6609375 0.70625 0.0109375 0.0109375
2 0.734375 0.7078125 0.0125 0.0109375
2 0.7703125 0.57734375 0.0109375 0.015625
2 0.7390625 0.575 0.0046875 0.0125
2 0.6390625 0.58203125 0.009375 0.015625
2 0.778125 0.4375 0.0125 0.0171875
2 0.7828125 0.40546875 0.0109375 0.0109375
2 0.7375 0.33125 0.009375 0.0109375
2 0.6546875 0.3921875 0.015625 0.021875
2 0.653125 0.3671875 0.0109375 0.0171875
2 0.73671875 0.29921875 0.009375 0.009375
2 0.27421875 0.4953125 0.0078125 0.0078125