2 0.34296875 0.35 0.0234375 0.0375
2 0.2328125 0.47109375 0.0203125 0.0296875
2 0.21328125 0.57734375 0.021875 0.0359375
2 0.32578125 0.553125 0.0125 0.028125
2 0.3640625 0.6578125 0.021875 0.0390625
2 0.38359375 0.65078125 0.0203125 0.028125
2 0.42109375 0.5390625 0.0203125 0.034375
2 0.47734375 0.540625 0.0203125 0.0359375
2 0.5390625 0.57421875 0.01875 0.0265625
2 0.61171875 0.46484375 0.01875 0.0234375
2 0.65390625 0.40078125 0.0171875 0.0328125
2 0.675 0.3859375 0.0171875 0.0296875
2 0.72421875 0.4171875 0.01875 0.0296875
2 0.65390625 0.6265625 0.0140625 0.021875
2 0.67734375 0.61640625 0.0171875 0.0234375
2 0.453125 0.69609375 0.021875 0.03125
2 0.3421875 0.68984375 0.0203125 0.0328125
2 0.346875 0.715625 0.015625 0.0234375
2 0.36015625 0.69453125 0.0125 0.021875
2 0.26484375 0.60703125 0.0171875 0.01875
2 0.203125 0.5 0.015625 0.028125
2 0.16953125 0.5109375 0.021875 0.0296875
2 0.20390625 0.28125 0.0234375 0.0296875
2 0.2515625 0.11796875 0.01875 0.0265625
2 0.28984375 0.0796875 0.015625 0.0234375
2 0.3015625 0.22265625 0.015625 0.0234375
2 0.08203125 0.44453125 0.021875 0.0296875
2 0.0703125 0.49453125 0.0203125 0.03125
2 0.0296875 0.4765625 0.0171875 0.0265625
2 0.1171875 0.62421875 0.0171875 0.0265625
2 0.10546875 0.6515625 0.0171875 0.028125
2 0.1609375 0.77421875 0.015625 0.0234375
2 0.434375 0.90703125 0.01875 0.0359375
2 0.3046875 0.83046875 0.01875 0.028125
2 0.3515625 0.98046875 0.01875 0.0328125
2 0.5171875 0.86328125 0.015625 0.0265625
2 0.6234375 0.684375 0.015625 0.0203125
2 0.6328125 0.72109375 0.0140625 0.01875
2 0.65 0.76484375 0.0125 0.01875
2 0.56640625 0.3046875 0.01875 0.034375
2 0.59140625 0.240625 0.0171875 0.0234375
2 0.3859375 0.0671875 0.015625 0.0171875
2 0.7578125 0.0484375 0.0125 0.015625
2 0.675 0.21640625 0.015625 0.01875
2 0.74296875 0.546875 0.0125 0.015625
2 0.73671875 0.57578125 0.00625 0.015625
2 0.06328125 0.17265625 0.0140625 0.025
2 0.234375 0.8203125 0.0109375 0.03125
2 0.2546875 0.82109375 0.0125 0.01875
2 0.22421875 0.8359375 0.0109375 0.0234375
2 0.2140625 0.834375 0.0109375 0.0171875
2 0.14609375 0.7890625 0.0171875 0.0203125
2 0.22734375 0.6015625 0.015625 0.0359375
2 0.359375 0.75234375 0.0140625 0.0265625
2 0.7484375 0.41640625 0.009375 0.021875
2 0.75390625 0.40859375 0.0046875 0.0125
2 0.81875 0.43046875 0.009375 0.0125
2 0.8125 0.4375 0.0078125 0.0125
2 0.890625 0.59140625 0.0125 0.01875
2 0.90859375 0.51015625 0.0109375 0.0125
2 0.909375 0.5234375 0.0109375 0.015625
2 0.9078125 0.4765625 0.0109375 0.015625
2 0.93984375 0.49375 0.0140625 0.015625
2 0.98671875 0.47734375 0.0125 0.01875
2 0.8875 0.41328125 0.0109375 0.015625
2 0.84609375 0.559375 0.0078125 0.0109375
2 0.8234375 0.56015625 0.0078125 0.009375
2 0.8125 0.54921875 0.0078125 0.0125
2 0.81328125 0.57265625 0.00625 0.009375
2 0.93515625 0.31875 0.0109375 0.015625
2 0.9421875 0.36953125 0.0109375 0.015625
2 0.9734375 0.34453125 0.0109375 0.015625
2 0.903125 0.20078125 0.0109375 0.015625
2 0.91640625 0.321875 0.0078125 0.0140625
2 0.97109375 0.053125 0.0109375 0.015625
2 0.9703125 0.01640625 0.0125 0.015625
2 0.9890625 0.12578125 0.0109375 0.01875
2 0.9171875 0.61328125 0.0109375 0.0140625