2 0.2703125 0.29453125 0.0140625 0.028125
2 0.2703125 0.3609375 0.01875 0.0234375
2 0.25 0.378125 0.01875 0.01875
2 0.25078125 0.359375 0.0109375 0.0125
2 0.15 0.41953125 0.009375 0.0125
2 0.15078125 0.44375 0.0078125 0.009375
2 0.146875 0.453125 0.0078125 0.009375
2 0.13125 0.45390625 0.0046875 0.009375
2 0.1296875 0.48359375 0.00625 0.0109375
2 0.10703125 0.44609375 0.0078125 0.0078125
2 0.11953125 0.43515625 0.0078125 0.009375
2 0.35390625 0.2671875 0.0140625 0.0203125
2 0.37109375 0.25859375 0.015625 0.0296875
2 0.38515625 0.3375 0.015625 0.025
2 0.3890625 0.378125 0.0171875 0.0265625
2 0.39296875 0.4 0.0125 0.025
2 0.3109375 0.4359375 0.0109375 0.0171875
2 0.33125 0.45859375 0.015625 0.025
2 0.284375 0.4625 0.025 0.0234375
2 0.19296875 0.46875 0.015625 0.01875
2 0.18984375 0.48359375 0.015625 0.015625
2 0.21171875 0.5421875 0.0109375 0.015625
2 0.10390625 0.51171875 0.00625 0.00625
2 0.10390625 0.50546875 0.0078125 0.0078125
2 0.09609375 0.50234375 0.0046875 0.00625
2 0.0921875 0.5046875 0.00625 0.0078125
2 0.0765625 0.5109375 0.0046875 0.0078125
2 0.06328125 0.50234375 0.0046875 0.009375
2 0.06171875 0.43828125 0.00625 0.0078125
2 0.0890625 0.44453125 0.0078125 0.0109375
2 0.08046875 0.4515625 0.00625 0.009375
2 0.0859375 0.46796875 0.00625 0.0109375
2 0.071875 0.465625 0.0046875 0.0078125
2 0.06875 0.45859375 0.0046875 0.009375
2 0.08046875 0.4640625 0.0046875 0.0078125
2 0.084375 0.453125 0.00625 0.009375
2 0.090625 0.4640625 0.0046875 0.0078125
2 0.11484375 0.584375 0.009375 0.009375
2 0.27578125 0.75390625 0.0203125 0.034375
2 0.2640625 0.80078125 0.021875 0.028125
2 0.22734375 0.7671875 0.0125 0.021875
2 0.23828125 0.78203125 0.0203125 0.0265625
2 0.32421875 0.7796875 0.0203125 0.028125
2 0.35078125 0.6453125 0.0234375 0.0359375
2 0.346875 0.56796875 0.0234375 0.028125
2 0.3890625 0.85546875 0.0234375 0.0421875
2 0.38828125 0.89921875 0.028125 0.0359375
2 0.23984375 0.82109375 0.015625 0.028125
2 0.25625 0.821875 0.015625 0.0234375
2 0.49765625 0.01015625 0.028125 0.0203125
2 0.534375 0.12578125 0.0171875 0.0265625
2 0.61484375 0.18828125 0.0203125 0.0328125
2 0.625 0.171875 0.0125 0.0171875
2 0.6 0.23203125 0.028125 0.0328125
2 0.5234375 0.2953125 0.025 0.0359375
2 0.4328125 0.29375 0.0203125 0.01875
2 0.43203125 0.26875 0.0171875 0.0234375
2 0.534375 0.35546875 0.025 0.0359375
2 0.50234375 0.4203125 0.025 0.0390625
2 0.48515625 0.43984375 0.01875 0.0234375
2 0.49609375 0.6265625 0.0171875 0.034375
2 0.52109375 0.64609375 0.025 0.0390625
2 0.503125 0.65 0.01875 0.0265625
2 0.58515625 0.60859375 0.021875 0.0421875
2 0.6390625 0.62734375 0.0203125 0.0328125
2 0.678125 0.61796875 0.0109375 0.028125
2 0.69296875 0.63125 0.0265625 0.0296875
2 0.67578125 0.675 0.028125 0.0328125
2 0.67265625 0.63828125 0.0203125 0.028125
2 0.63046875 0.54609375 0.03125 0.0390625
2 0.609375 0.52734375 0.0265625 0.034375
2 0.60546875 0.48359375 0.0234375 0.03125
2 0.615625 0.459375 0.0234375 0.0359375
2 0.58671875 0.46328125 0.0234375 0.0359375
2 0.61484375 0.30078125 0.0234375 0.0296875
2 0.3890625 0.953125 0.0265625 0.034375
2 0.40078125 0.92421875 0.021875 0.034375
2 0.4375 0.93203125 0.0203125 0.021875
2 0.4515625 0.9671875 0.025 0.0359375
2 0.49296875 0.9609375 0.028125 0.040625
2 0.565625 0.88046875 0.025 0.0359375
2 0.5890625 0.8171875 0.0234375 0.040625
2 0.54609375 0.81171875 0.0265625 0.034375
2 0.55625 0.784375 0.0265625 0.0390625
2 0.53046875 0.77421875 0.0296875 0.04375
2 0.60234375 0.73203125 0.028125 0.04375
2 0.6109375 0.709375 0.01875 0.034375
2 0.6265625 0.74921875 0.0171875 0.0296875
2 0.65859375 0.72265625 0.0234375 0.040625
2 0.71484375 0.84765625 0.0234375 0.0421875
2 0.73515625 0.8671875 0.0296875 0.03125
2 0.72734375 0.88046875 0.0265625 0.034375
2 0.76640625 0.72578125 0.0234375 0.0359375
2 0.828125 0.72578125 0.025 0.0296875
2 0.8390625 0.83046875 0.0265625 0.0328125
2 0.8828125 0.853125 0.0265625 0.034375
2 0.934375 0.82265625 0.0265625 0.0359375
2 0.92421875 0.840625 0.0234375 0.0265625
2 0.97421875 0.84765625 0.028125 0.0390625
2 0.9734375 0.8875 0.0296875 0.0359375
2 0.96171875 0.909375 0.028125 0.03125
2 0.9484375 0.7734375 0.021875 0.0421875
2 0.96796875 0.77578125 0.0265625 0.034375
2 0.77265625 0.671875 0.0234375 0.034375
2 0.8015625 0.62578125 0.0296875 0.04375
2 0.98359375 0.6125 0.021875 0.03125
2 0.88828125 0.76015625 0.0234375 0.03125
2 0.8375 0.2984375 0.034375 0.04375
2 0.83203125 0.25234375 0.028125 0.0421875
2 0.8734375 0.2734375 0.0265625 0.0375
2 0.9046875 0.27265625 0.01875 0.0375
2 0.98515625 0.184375 0.0265625 0.0296875
2 0.73671875 0.2265625 0.034375 0.040625