0 0.2296875 0.52578125 0.01875 0.028125
0 0.34375 0.5140625 0.0203125 0.028125
0 0.15703125 0.58125 0.0125 0.0078125
0 0.18671875 0.5984375 0.0046875 0.0078125
0 0.446875 0.459375 0.0125 0.025
0 0.4609375 0.46796875 0.015625 0.03125
0 0.4328125 0.53984375 0.0109375 0.01875
0 0.23203125 0.3484375 0.015625 0.021875
0 0.22109375 0.36875 0.0125 0.0203125
0 0.22578125 0.3828125 0.01875 0.0171875
0 0.21171875 0.3046875 0.0125 0.0171875
0 0.21953125 0.30390625 0.0109375 0.0109375
0 0.2421875 0.2765625 0.0109375 0.021875
0 0.26875 0.2578125 0.0125 0.025
0 0.265625 0.2703125 0.0140625 0.0203125
0 0.37109375 0.27890625 0.0109375 0.0203125
0 0.359375 0.32578125 0.0109375 0.0140625
0 0.36328125 0.33828125 0.0125 0.0109375
0 0.36796875 0.3265625 0.00625 0.0109375
0 0.37265625 0.31953125 0.00625 0.0125
0 0.3796875 0.3203125 0.0078125 0.0078125
0 0.1609375 0.39140625 0.00625 0.0078125
0 0.16328125 0.40234375 0.00625 0.009375
0 0.1671875 0.40625 0.0046875 0.0078125
0 0.15078125 0.44453125 0.0078125 0.0125
0 0.15859375 0.4421875 0.003125 0.009375
0 0.11171875 0.41171875 0.00625 0.0078125
0 0.125 0.428125 0.00625 0.00625
0 0.1328125 0.46171875 0.01875 0.0265625
0 0.13984375 0.475 0.00625 0.009375
0 0.128125 0.4765625 0.00625 0.009375
0 0.12578125 0.4484375 0.0140625 0.01875
2 0.17265625 0.41953125 0.0265625 0.0265625
0 0.21171875 0.3515625 0.0125 0.0140625
0 0.215625 0.496875 0.0109375 0.021875
0 0.19453125 0.50625 0.009375 0.025
0 0.1953125 0.53046875 0.0125 0.021875
0 0.14453125 0.625 0.009375 0.0109375
0 0.14921875 0.61875 0.00625 0.00625
0 0.0703125 0.61171875 0.0125 0.0125
0 0.071875 0.6015625 0.0109375 0.0140625
0 0.0515625 0.6328125 0.0140625 0.0078125
0 0.053125 0.64140625 0.0078125 0.0125
0 0.03359375 0.703125 0.0125 0.015625
0 0.04375 0.69921875 0.00625 0.009375
0 0.04375 0.70703125 0.009375 0.009375
0 0.00859375 0.5421875 0.00625 0.0078125
0 0.01484375 0.5453125 0.0078125 0.0171875
0 0.0265625 0.58359375 0.0140625 0.0203125
0 0.02890625 0.59296875 0.0078125 0.0078125
0 0.028125 0.45 0.00625 0.009375
0 0.02578125 0.49609375 0.0046875 0.0109375
0 0.04453125 0.52734375 0.00625 0.0078125
0 0.31015625 0.39375 0.00625 0.0109375
0 0.31484375 0.390625 0.0046875 0.00625
0 0.33359375 0.38828125 0.0046875 0.0125
0 0.3375 0.40078125 0.0171875 0.015625
0 0.38046875 0.475 0.009375 0.0140625
0 0.3921875 0.48671875 0.009375 0.015625
0 0.3984375 0.45625 0.0046875 0.0078125
0 0.4375 0.3 0.0078125 0.015625
0 0.446875 0.315625 0.0078125 0.0109375
0 0.440625 0.3140625 0.0078125 0.0140625
0 0.44453125 0.3234375 0.0046875 0.00625
0 0.453125 0.30859375 0.0078125 0.0078125
0 0.3859375 0.34375 0.0078125 0.015625
0 0.3671875 0.596875 0.0140625 0.0203125
0 0.38203125 0.60546875 0.0125 0.0265625
0 0.38046875 0.5890625 0.0078125 0.0125
0 0.3875 0.5890625 0.0078125 0.0125
0 0.37578125 0.6015625 0.00625 0.0140625
0 0.35703125 0.62109375 0.0046875 0.0078125
0 0.334375 0.6109375 0.0046875 0.0046875
0 0.3390625 0.609375 0.0046875 0.0046875
0 0.34921875 0.5328125 0.015625 0.0125
0 0.33515625 0.5328125 0.0078125 0.009375
0 0.19921875 0.7578125 0.0125 0.0203125
2 0.15625 0.753125 0.034375 0.0546875
0 0.2515625 0.8921875 0.0078125 0.0140625
2 0.49453125 0.61171875 0.0359375 0.0625
2 0.4515625 0.88046875 0.0328125 0.0609375
2 0.290625 0.7 0.0265625 0.046875
2 0.3234375 0.8859375 0.0234375 0.040625
2 0.56796875 0.6328125 0.03125 0.0609375
0 0.4984375 0.39609375 0.025 0.040625
0 0.490625 0.42109375 0.0078125 0.0140625
0 0.47734375 0.39375 0.0109375 0.01875
0 0.48515625 0.40078125 0.00625 0.0109375
0 0.49609375 0.440625 0.0109375 0.0171875
0 0.5046875 0.4921875 0.028125 0.0328125
0 0.5109375 0.5140625 0.0234375 0.0234375
0 0.53125 0.52578125 0.0234375 0.0296875
0 0.5390625 0.48515625 0.0140625 0.0328125
0 0.54140625 0.5046875 0.0125 0.01875
0 0.51953125 0.528125 0.015625 0.03125
0 0.5078125 0.47421875 0.015625 0.021875
0 0.4609375 0.50703125 0.0078125 0.0140625
0 0.4453125 0.5453125 0.0046875 0.0046875
0 0.4546875 0.52734375 0.0046875 0.00625
0 0.4375 0.55234375 0.00625 0.0078125
0 0.51875 0.384375 0.0203125 0.0234375
0 0.5375 0.3953125 0.015625 0.04375
0 0.553125 0.4359375 0.025 0.021875
0 0.56015625 0.40859375 0.0125 0.015625
0 0.5703125 0.4 0.0234375 0.0234375
0 0.57109375 0.4203125 0.0125 0.0140625
0 0.5609375 0.41796875 0.009375 0.0109375
0 0.57578125 0.43046875 0.025 0.0140625
0 0.575 0.44453125 0.0078125 0.0140625
0 0.5375 0.35703125 0.0125 0.015625
0 0.50859375 0.35078125 0.0203125 0.021875
0 0.525 0.32890625 0.0109375 0.0140625
0 0.528125 0.31796875 0.015625 0.0234375
0 0.534375 0.33984375 0.015625 0.021875
0 0.52578125 0.3453125 0.0078125 0.021875
0 0.51171875 0.33515625 0.0109375 0.0203125
0 0.51796875 0.3171875 0.0046875 0.0125
0 0.5078125 0.3625 0.009375 0.0109375
0 0.5234375 0.3671875 0.0078125 0.0125
0 0.5140625 0.371875 0.0078125 0.0125
0 0.62421875 0.3796875 0.00625 0.0125
0 0.6171875 0.38046875 0.0078125 0.015625
0 0.59921875 0.390625 0.0078125 0.009375
0 0.634375 0.4546875 0.021875 0.0359375
0 0.61875 0.45546875 0.009375 0.01875
0 0.63984375 0.4921875 0.0125 0.028125
0 0.634375 0.525 0.0203125 0.0421875
0 0.52890625 0.75703125 0.01875 0.040625
0 0.5375 0.7578125 0.0078125 0.021875
0 0.40703125 0.79921875 0.015625 0.0265625
0 0.4 0.77578125 0.009375 0.0203125
0 0.41484375 0.78125 0.0109375 0.021875
0 0.41328125 0.7546875 0.0125 0.01875
0 0.46875 0.8109375 0.009375 0.015625
0 0.453125 0.9421875 0.021875 0.028125
0 0.409375 0.946875 0.0109375 0.0140625
0 0.48359375 0.940625 0.0125 0.0203125
0 0.471875 0.95390625 0.0109375 0.015625
0 0.4671875 0.9078125 0.015625 0.0234375
0 0.66171875 0.9890625 0.0234375 0.021875
0 0.71015625 0.33203125 0.0140625 0.0359375
0 0.69765625 0.325 0.009375 0.015625
0 0.68828125 0.365625 0.0203125 0.0234375
0 0.68828125 0.41796875 0.0203125 0.03125
0 0.7078125 0.4296875 0.0171875 0.028125
0 0.7234375 0.45 0.0125 0.015625
0 0.659375 0.34296875 0.009375 0.0125
0 0.62890625 0.315625 0.0125 0.0125
0 0.5375 0.2046875 0.0125 0.021875
0 0.603125 0.21171875 0.015625 0.0171875
0 0.54375 0.175 0.015625 0.021875
0 0.58515625 0.0359375 0.015625 0.0234375
0 0.55390625 0.021875 0.009375 0.0171875
0 0.56875 0.009375 0.0125 0.01875
0 0.76484375 0.11171875 0.0125 0.0203125
0 0.809375 0.10546875 0.025 0.0328125
0 0.778125 0.178125 0.0203125 0.028125
0 0.73125 0.75703125 0.0203125 0.0234375
0 0.74375 0.74140625 0.0203125 0.028125
0 0.7328125 0.72109375 0.0140625 0.015625
0 0.665625 0.70859375 0.0140625 0.0203125
0 0.67421875 0.6984375 0.0171875 0.0265625
0 0.6734375 0.6734375 0.0125 0.021875
0 0.6921875 0.6921875 0.0203125 0.0265625
0 0.70625 0.70234375 0.009375 0.0265625
0 0.68515625 0.6796875 0.0125 0.0171875
0 0.77734375 0.81484375 0.0125 0.021875
0 0.7765625 0.671875 0.0140625 0.0171875
0 0.79609375 0.965625 0.0109375 0.021875
0 0.73515625 0.8890625 0.0125 0.0171875
0 0.7796875 0.8453125 0.009375 0.015625
0 0.7875 0.9328125 0.0125 0.01875
0 0.7046875 0.87421875 0.0125 0.0171875
0 0.68203125 0.853125 0.0109375 0.015625
0 0.7 0.72890625 0.0125 0.0265625
0 0.775 0.55234375 0.0203125 0.0328125
0 0.74453125 0.55546875 0.015625 0.028125
0 0.734375 0.5515625 0.009375 0.0171875
0 0.740625 0.540625 0.0078125 0.0125
0 0.728125 0.61171875 0.009375 0.01875
0 0.80625 0.3671875 0.0125 0.0234375
0 0.75390625 0.196875 0.0203125 0.03125
0 0.76171875 0.20390625 0.015625 0.0171875
0 0.6640625 0.090625 0.0140625 0.0265625
0 0.76171875 0.09296875 0.021875 0.025
0 0.69921875 0.07109375 0.0078125 0.0109375
0 0.6375 0.01484375 0.0078125 0.0125
0 0.6296875 0.021875 0.00625 0.0125
0 0.7546875 0.04375 0.015625 0.021875
0 0.8171875 0.0734375 0.0140625 0.0359375
0 0.76953125 0.00859375 0.028125 0.0171875
2 0.90390625 0.79296875 0.0390625 0.0546875
0 0.946875 0.6796875 0.0328125 0.0453125
0 0.84453125 0.61640625 0.0140625 0.01875
0 0.85078125 0.63515625 0.01875 0.0234375
0 0.86640625 0.63984375 0.01875 0.0234375
0 0.86875 0.759375 0.0109375 0.015625
0 0.95703125 0.70546875 0.0125 0.0203125
2 0.9671875 0.5875 0.0484375 0.05
0 0.83359375 0.521875 0.0171875 0.0328125
0 0.95625 0.98828125 0.0140625 0.021875
0 0.89375 0.2515625 0.025 0.03125
0 0.96953125 0.21640625 0.015625 0.015625
0 0.9546875 0.19453125 0.009375 0.009375
0 0.89609375 0.078125 0.0140625 0.021875
0 0.921875 0.06953125 0.0171875 0.0171875
0 0.9953125 0.1375 0.009375 0.0203125
0 0.890625 0.2 0.0140625 0.0171875