2 0.48828125 0.128125 0.0203125 0.0296875
2 0.4640625 0.34765625 0.01875 0.0328125
2 0.45 0.34765625 0.0125 0.021875
2 0.44765625 0.375 0.015625 0.028125
2 0.40859375 0.43046875 0.0171875 0.03125
2 0.28671875 0.4921875 0.015625 0.0234375
2 0.15859375 0.48515625 0.0203125 0.01875
2 0.18671875 0.5125 0.0140625 0.015625
2 0.21484375 0.525 0.015625 0.0203125
2 0.2625 0.58828125 0.0140625 0.0265625
2 0.2796875 0.57578125 0.0125 0.0125
2 0.28125 0.596875 0.0125 0.0203125
2 0.28984375 0.60078125 0.009375 0.01875
2 0.49609375 0.55078125 0.01875 0.034375
2 0.30234375 0.75546875 0.015625 0.0171875
2 0.3015625 0.7765625 0.015625 0.0203125
2 0.30078125 0.7984375 0.0203125 0.025
2 0.33671875 0.75546875 0.0140625 0.0328125
2 0.3484375 0.7296875 0.0203125 0.0328125
2 0.2515625 0.6046875 0.0140625 0.01875
2 0.25390625 0.62265625 0.0125 0.0125
2 0.42890625 0.79296875 0.0125 0.0203125
2 0.53203125 0.77890625 0.0203125 0.028125
2 0.25 0.3671875 0.015625 0.021875
2 0.27421875 0.35234375 0.0140625 0.015625
2 0.37734375 0.428125 0.015625 0.015625
2 0.4359375 0.5796875 0.0171875 0.0296875
2 0.39453125 0.5140625 0.015625 0.025
2 0.51171875 0.584375 0.01875 0.03125
2 0.5375 0.56640625 0.0234375 0.028125
2 0.5375 0.69921875 0.0171875 0.01875
2 0.76171875 0.66484375 0.0171875 0.0265625
2 0.71328125 0.6390625 0.0234375 0.028125
2 0.6796875 0.58203125 0.01875 0.0296875
2 0.703125 0.37578125 0.0203125 0.0234375
2 0.70546875 0.390625 0.01875 0.021875
2 0.6984375 0.40859375 0.0234375 0.0234375
2 0.70703125 0.453125 0.021875 0.028125
2 0.78359375 0.453125 0.0265625 0.0359375
2 0.70390625 0.13125 0.0125 0.0171875
2 0.715625 0.1328125 0.0109375 0.0203125
2 0.621875 0.26875 0.01875 0.0265625
2 0.60703125 0.26171875 0.0171875 0.0203125
2 0.79375 0.64765625 0.0171875 0.028125
2 0.80703125 0.41796875 0.0265625 0.03125
2 0.8203125 0.434375 0.021875 0.0203125
2 0.84296875 0.44609375 0.01875 0.028125
2 0.28046875 0.3015625 0.0171875 0.01875
2 0.32578125 0.29375 0.015625 0.028125
2 0.3859375 0.3125 0.0203125 0.025
2 0.64375 0.18359375 0.0234375 0.0328125
2 0.6796875 0.3421875 0.0171875 0.0328125
2 0.6296875 0.41328125 0.0171875 0.0203125
2 0.85234375 0.22890625 0.01875 0.028125
2 0.6796875 0.44765625 0.00625 0.015625
2 0.60546875 0.5859375 0.025 0.025
2 0.971875 0.3015625 0.009375 0.009375
2 0.99140625 0.29921875 0.0078125 0.0109375