2 0.19296875 0.2234375 0.053125 0.028125
2 0.49921875 0.24765625 0.0796875 0.0546875
2 0.6 0.41171875 0.134375 0.06875
2 0.7015625 0.39609375 0.0890625 0.0484375
2 0.6625 0.4703125 0.096875 0.05
2 0.5671875 0.5234375 0.09375 0.0515625
2 0.12578125 0.59921875 0.1046875 0.05
2 0.40625 0.590625 0.103125 0.0515625
2 0.62109375 0.55625 0.0921875 0.04375
2 0.66328125 0.5921875 0.0625 0.0328125
2 0.2390625 0.75 0.096875 0.05625
2 0.32265625 0.7375 0.0875 0.0546875
2 0.396875 0.746875 0.0796875 0.0515625
2 0.434375 0.83203125 0.0703125 0.0625
2 0.41171875 0.9078125 0.0796875 0.046875
2 0.55625 0.85859375 0.05 0.03125
2 0.8859375 0.5171875 0.0203125 0.009375
2 0.903125 0.50859375 0.021875 0.009375
2 0.94140625 0.5 0.0171875 0.0125