2 0.18046875 0.1328125 0.028125 0.0359375
2 0.30625 0.19921875 0.0265625 0.0484375
2 0.31953125 0.18515625 0.015625 0.0390625
2 0.4265625 0.0421875 0.01875 0.0359375
2 0.4296875 0.1453125 0.0234375 0.04375
2 0.4515625 0.12890625 0.028125 0.04375
2 0.478125 0.1171875 0.0171875 0.0421875
2 0.4203125 0.2171875 0.0265625 0.0484375
2 0.45390625 0.1859375 0.028125 0.0375
2 0.38046875 0.26484375 0.025 0.040625
2 0.153125 0.37890625 0.01875 0.03125
2 0.29375 0.321875 0.0125 0.0203125
2 0.49609375 0.36953125 0.025 0.0453125
2 0.44921875 0.30078125 0.0140625 0.028125
2 0.3 0.47265625 0.021875 0.0328125
2 0.5859375 0.43046875 0.03125 0.05
2 0.5734375 0.5765625 0.0265625 0.0390625
2 0.79375 0.02109375 0.015625 0.040625
2 0.8859375 0.1140625 0.040625 0.05625
2 0.93203125 0.21171875 0.040625 0.0671875
2 0.88203125 0.28359375 0.03125 0.059375
2 0.8375 0.20859375 0.040625 0.0515625
2 0.9609375 0.4453125 0.028125 0.04375
2 0.94296875 0.89140625 0.034375 0.05
2 0.9140625 0.90625 0.0296875 0.05
2 0.7890625 0.978125 0.021875 0.04375
2 0.73671875 0.721875 0.0234375 0.0453125
2 0.69375 0.71015625 0.021875 0.0421875
2 0.72109375 0.62890625 0.0171875 0.0390625
2 0.659375 0.62265625 0.0296875 0.0484375
2 0.57109375 0.6421875 0.0265625 0.0421875
2 0.44765625 0.62109375 0.015625 0.034375
2 0.29296875 0.74765625 0.0171875 0.0265625
2 0.31953125 0.7171875 0.0171875 0.0203125
2 0.45390625 0.9484375 0.0296875 0.0453125
2 0.321875 0.88046875 0.0234375 0.03125
2 0.34453125 0.95234375 0.0140625 0.028125
2 0.46171875 0.85703125 0.0203125 0.021875
2 0.184375 0.659375 0.0171875 0.028125
2 0.16640625 0.6703125 0.0140625 0.028125
2 0.1171875 0.69921875 0.0109375 0.0171875
2 0.09375 0.6234375 0.0171875 0.015625
2 0.0484375 0.61015625 0.01875 0.028125