2 0.5109375 0.6421875 0.03125 0.046875
2 0.5546875 0.4890625 0.0234375 0.0375
2 0.63125 0.246875 0.028125 0.05
2 0.53125 0.02578125 0.028125 0.040625
2 0.48125 0.1421875 0.025 0.0421875
2 0.40234375 0.25703125 0.0234375 0.0390625
2 0.32890625 0.30078125 0.025 0.04375
2 0.24765625 0.26015625 0.0296875 0.0390625
2 0.278125 0.14921875 0.0265625 0.0421875
2 0.3015625 0.1859375 0.0234375 0.0375
2 0.1109375 0.02734375 0.0234375 0.0375
2 0.08828125 0.01796875 0.025 0.0359375
2 0.20625 0.29140625 0.025 0.0359375
2 0.59453125 0.5421875 0.034375 0.0515625
2 0.34296875 0.85859375 0.0375 0.05625
2 0.54765625 0.73125 0.0265625 0.0484375
2 0.59296875 0.74375 0.0265625 0.04375
2 0.6203125 0.55546875 0.0234375 0.0421875
2 0.071875 0.68046875 0.0359375 0.05
2 0.11953125 0.8328125 0.0359375 0.0484375
2 0.43984375 0.81875 0.021875 0.0390625
2 0.5203125 0.71171875 0.0203125 0.0359375
2 0.4125 0.02578125 0.0265625 0.034375
2 0.6921875 0.334375 0.0171875 0.0328125
2 0.76015625 0.4734375 0.0140625 0.0203125
2 0.675 0.49609375 0.0125 0.021875
2 0.69453125 0.51953125 0.01875 0.028125
2 0.70859375 0.53046875 0.009375 0.0125
2 0.7359375 0.509375 0.0125 0.015625
2 0.71953125 0.70078125 0.0140625 0.0296875
2 0.7109375 0.61015625 0.0109375 0.0203125
2 0.57265625 0.2921875 0.015625 0.025
2 0.5 0.16171875 0.0171875 0.025
2 0.5453125 0.2 0.0265625 0.040625
2 0.553125 0.41484375 0.0125 0.0296875
2 0.48828125 0.53984375 0.009375 0.015625
2 0.1875 0.190625 0.0140625 0.0171875
2 0.19375 0.14296875 0.015625 0.0234375
2 0.71953125 0.99140625 0.025 0.0171875