2 0.196875 0.55546875 0.034375 0.0515625
2 0.3625 0.4328125 0.0359375 0.053125
2 0.04609375 0.2921875 0.009375 0.015625
2 0.03515625 0.33984375 0.0125 0.0203125
2 0.0125 0.27578125 0.0125 0.015625
2 0.02734375 0.2421875 0.00625 0.0109375
2 0.01640625 0.2 0.009375 0.009375
2 0.04921875 0.2140625 0.0078125 0.0140625
2 0.0375 0.2328125 0.0078125 0.009375
2 0.06953125 0.2359375 0.00625 0.009375
2 0.15 0.825 0.028125 0.04375
2 0.115625 0.7265625 0.01875 0.0328125
2 0.1328125 0.71953125 0.021875 0.03125
2 0.35625 0.646875 0.0359375 0.0515625
2 0.184375 0.97890625 0.0296875 0.0421875
2 0.32734375 0.9625 0.03125 0.034375
2 0.37734375 0.978125 0.0234375 0.04375
2 0.41171875 0.52890625 0.0328125 0.05
2 0.475 0.3296875 0.025 0.04375
2 0.546875 0.396875 0.0359375 0.0625
2 0.55078125 0.51953125 0.028125 0.0453125
2 0.58046875 0.471875 0.028125 0.0328125
2 0.24609375 0.48984375 0.03125 0.04375
2 0.58984375 0.246875 0.0328125 0.0359375
2 0.70078125 0.2546875 0.025 0.0390625
2 0.61640625 0.56171875 0.028125 0.04375
2 0.5984375 0.57734375 0.028125 0.034375
2 0.58359375 0.5859375 0.025 0.0328125
2 0.6703125 0.5890625 0.040625 0.0296875
2 0.6625 0.4578125 0.028125 0.0453125
2 0.815625 0.91875 0.021875 0.046875
2 0.978125 0.65703125 0.0140625 0.034375
2 0.88046875 0.7078125 0.0296875 0.0390625
2 0.86640625 0.6859375 0.015625 0.021875
2 0.859375 0.634375 0.021875 0.0421875
2 0.84765625 0.54453125 0.034375 0.046875
2 0.71015625 0.85078125 0.028125 0.04375