2 0.35 0.0671875 0.0171875 0.0296875
2 0.2984375 0.153125 0.0125 0.0171875
2 0.2609375 0.24375 0.015625 0.01875
2 0.28125 0.2953125 0.0140625 0.0171875
2 0.31796875 0.41171875 0.021875 0.025
2 0.38984375 0.34296875 0.028125 0.0359375
2 0.3375 0.45390625 0.028125 0.0296875
2 0.28828125 0.4921875 0.0125 0.0203125
2 0.2671875 0.52421875 0.0125 0.01875
2 0.271875 0.60859375 0.021875 0.0265625
2 0.27421875 0.63515625 0.021875 0.0265625
2 0.31015625 0.6 0.0140625 0.0203125
2 0.36171875 0.85625 0.01875 0.0359375
2 0.43203125 0.690625 0.0234375 0.034375
2 0.40546875 0.66328125 0.0078125 0.0171875
2 0.45078125 0.87265625 0.01875 0.0265625
2 0.453125 0.38515625 0.025 0.0390625
2 0.425 0.3890625 0.015625 0.021875
2 0.4921875 0.16015625 0.009375 0.0140625
2 0.49296875 0.13203125 0.009375 0.0140625
2 0.5203125 0.12890625 0.0046875 0.009375
2 0.39140625 0.23671875 0.00625 0.0140625
2 0.35390625 0.225 0.0125 0.0125
2 0.7046875 0.2140625 0.028125 0.03125
2 0.615625 0.3375 0.0171875 0.021875
2 0.61328125 0.315625 0.0171875 0.0234375
2 0.58125 0.24609375 0.009375 0.0140625
2 0.7 0.328125 0.028125 0.028125
2 0.76484375 0.30703125 0.0265625 0.03125
2 0.52421875 0.4203125 0.0203125 0.025
2 0.471875 0.45546875 0.021875 0.0296875
2 0.490625 0.49453125 0.0109375 0.0203125
2 0.51875 0.4828125 0.015625 0.015625
2 0.53125 0.58984375 0.01875 0.01875
2 0.509375 0.58984375 0.01875 0.0171875
2 0.49140625 0.559375 0.0109375 0.0203125
2 0.55703125 0.53671875 0.0203125 0.028125
2 0.57421875 0.5265625 0.0171875 0.025
2 0.59375 0.51875 0.0203125 0.0265625
2 0.61328125 0.52265625 0.0109375 0.0203125
2 0.65625 0.53984375 0.015625 0.01875
2 0.64296875 0.53359375 0.015625 0.025
2 0.68203125 0.515625 0.0171875 0.0234375
2 0.64375 0.5875 0.0203125 0.0265625
2 0.5546875 0.61953125 0.0171875 0.0203125
2 0.584375 0.6453125 0.0203125 0.0203125
2 0.5765625 0.7046875 0.0203125 0.0265625
2 0.59375 0.70703125 0.0125 0.01875
2 0.57109375 0.78359375 0.01875 0.0234375
2 0.559375 0.7609375 0.015625 0.028125
2 0.49296875 0.7875 0.0078125 0.0171875
2 0.48125 0.7796875 0.009375 0.0109375
2 0.4625 0.821875 0.0125 0.021875
2 0.47890625 0.8265625 0.0109375 0.0125
2 0.63046875 0.72265625 0.015625 0.015625
2 0.6375 0.7140625 0.0125 0.015625
2 0.62578125 0.6921875 0.0125 0.0203125
2 0.6703125 0.67421875 0.0125 0.0203125
2 0.6671875 0.7 0.015625 0.01875
2 0.6546875 0.7140625 0.0125 0.0171875
2 0.63984375 0.62890625 0.0125 0.015625
2 0.61953125 0.63515625 0.0125 0.01875
2 0.7140625 0.61640625 0.01875 0.0234375
2 0.72109375 0.58984375 0.015625 0.021875
2 0.78125 0.63828125 0.01875 0.0265625
2 0.79140625 0.6625 0.015625 0.015625
2 0.740625 0.7234375 0.015625 0.0140625
2 0.73203125 0.71484375 0.009375 0.0109375
2 0.73984375 0.6875 0.0109375 0.0171875
2 0.6890625 0.659375 0.009375 0.0109375
2 0.78671875 0.73828125 0.01875 0.015625
2 0.84296875 0.81796875 0.01875 0.0265625
2 0.83984375 0.72734375 0.0203125 0.0296875
2 0.82890625 0.68203125 0.0140625 0.0171875
2 0.93125 0.80703125 0.0203125 0.01875
2 0.91953125 0.8046875 0.0109375 0.0171875
2 0.9234375 0.78984375 0.01875 0.021875
2 0.89296875 0.74765625 0.021875 0.0234375
2 0.90625 0.77109375 0.009375 0.015625
2 0.83359375 0.753125 0.015625 0.0125
2 0.834375 0.740625 0.015625 0.0203125
2 0.8515625 0.7421875 0.0125 0.015625
2 0.82421875 0.7421875 0.021875 0.0234375
2 0.8078125 0.79140625 0.0125 0.0203125
2 0.80859375 0.8046875 0.0140625 0.0109375
2 0.77265625 0.8 0.0078125 0.015625
2 0.7640625 0.7875 0.0046875 0.009375
2 0.92421875 0.7046875 0.0171875 0.01875
2 0.8921875 0.40546875 0.0203125 0.01875
2 0.95546875 0.48125 0.009375 0.0109375
2 0.99453125 0.484375 0.0109375 0.0109375
2 0.8875 0.4703125 0.0125 0.01875
2 0.84296875 0.415625 0.0203125 0.0171875
2 0.778125 0.453125 0.0203125 0.0171875
2 0.7609375 0.390625 0.0109375 0.0140625
2 0.77578125 0.41484375 0.0109375 0.0140625
2 0.90234375 0.34609375 0.0203125 0.021875
2 0.884375 0.31796875 0.0125 0.0171875
2 0.8578125 0.32890625 0.01875 0.021875
2 0.83359375 0.3171875 0.0125 0.0125
2 0.91171875 0.015625 0.0265625 0.0296875
2 0.74921875 0.17265625 0.015625 0.0265625