2 0.29921875 0.053125 0.0625 0.0296875
2 0.49765625 0.365625 0.0703125 0.0546875
2 0.6234375 0.3390625 0.0734375 0.03125
2 0.19765625 0.39375 0.0796875 0.0265625
2 0.1125 0.36640625 0.0234375 0.03125
2 0.01484375 0.40078125 0.0296875 0.0171875
2 0.11953125 0.428125 0.0609375 0.0375
2 0.22578125 0.48984375 0.0640625 0.0296875
2 0.15703125 0.5234375 0.090625 0.04375
2 0.67890625 0.55 0.05625 0.0234375
2 0.428125 0.56015625 0.03125 0.0171875
2 0.3078125 0.69375 0.1078125 0.059375
2 0.1875 0.75078125 0.0609375 0.0296875
2 0.68515625 0.74453125 0.071875 0.04375
2 0.33203125 0.86484375 0.0859375 0.053125
2 0.24609375 0.8671875 0.05625 0.028125
2 0.21484375 0.8546875 0.0484375 0.0296875
2 0.25 0.83125 0.0625 0.0203125
2 0.3125 0.9375 0.0765625 0.053125