2 0.984375 0.19453125 0.03125 0.0734375
2 0.803125 0.18046875 0.109375 0.059375
2 0.5953125 0.38359375 0.134375 0.0625
2 0.9484375 0.40703125 0.103125 0.0515625
2 0.41796875 0.47421875 0.1515625 0.0765625
2 0.046875 0.61015625 0.09375 0.06875
2 0.08515625 0.6609375 0.1203125 0.059375
2 0.4296875 0.60078125 0.0359375 0.0203125
2 0.71953125 0.703125 0.0703125 0.053125
2 0.77265625 0.71171875 0.0515625 0.0375
2 0.87734375 0.8421875 0.1453125 0.096875
2 0.9734375 0.9390625 0.053125 0.096875
2 0.83046875 0.9734375 0.1171875 0.053125
2 0.6140625 0.925 0.109375 0.0671875
2 0.13828125 0.96640625 0.0671875 0.0671875