2 0.521875 0.084375 0.0515625 0.021875
2 0.2828125 0.15703125 0.0890625 0.053125
2 0.9421875 0.23046875 0.115625 0.0703125
2 0.765625 0.28203125 0.1578125 0.09375
2 0.82734375 0.29609375 0.0984375 0.075
2 0.690625 0.3234375 0.1359375 0.0734375
2 0.45078125 0.36015625 0.0828125 0.053125
2 0.3578125 0.40234375 0.090625 0.053125
2 0.3078125 0.4171875 0.0703125 0.0421875
2 0.65859375 0.40625 0.1109375 0.065625
2 0.7359375 0.4265625 0.109375 0.0515625
2 0.41328125 0.4828125 0.0828125 0.04375
2 0.3375 0.4859375 0.0734375 0.0390625
2 0.15078125 0.64765625 0.0875 0.046875
2 0.23515625 0.671875 0.1125 0.0578125
2 0.95390625 0.78671875 0.0921875 0.0734375