2 0.31953125 0.12421875 0.1359375 0.0765625
2 0.33515625 0.196875 0.1046875 0.0546875
2 0.44609375 0.1921875 0.1296875 0.0765625
2 0.55234375 0.21484375 0.1046875 0.071875
2 0.04296875 0.38359375 0.0859375 0.078125
2 0.0640625 0.45625 0.128125 0.065625
2 0.18125 0.47109375 0.0609375 0.03125
2 0.2421875 0.471875 0.0375 0.021875
2 0.4734375 0.43984375 0.06875 0.05
2 0.40390625 0.5265625 0.096875 0.053125
2 0.6390625 0.56796875 0.1109375 0.046875
2 0.52734375 0.6640625 0.0921875 0.0453125
2 0.4 0.60078125 0.078125 0.04375
2 0.575 0.57890625 0.0671875 0.04375
2 0.08984375 0.6078125 0.034375 0.0203125
2 0.740625 0.63671875 0.0234375 0.0109375
2 0.72421875 0.59609375 0.0265625 0.0109375
2 0.6109375 0.66171875 0.0265625 0.0140625
2 0.57578125 0.675 0.0359375 0.0125
2 0.85546875 0.5765625 0.034375 0.0109375
2 0.97265625 0.56484375 0.0453125 0.0125
2 0.8890625 0.41640625 0.0359375 0.015625
2 0.91328125 0.315625 0.0234375 0.01875
2 0.90859375 0.40234375 0.0375 0.0140625