2 0.7171875 0.3640625 0.0484375 0.08125
2 0.82265625 0.9015625 0.0421875 0.075
2 0.815625 0.828125 0.0359375 0.0546875
2 0.3921875 0.63671875 0.0296875 0.05625
2 0.4078125 0.71328125 0.021875 0.0515625
2 0.42890625 0.75625 0.028125 0.0484375
2 0.50234375 0.903125 0.028125 0.0609375
2 0.66171875 0.92265625 0.0328125 0.0671875
2 0.68046875 0.9203125 0.0203125 0.0609375
2 0.63828125 0.321875 0.028125 0.0578125
2 0.61171875 0.33671875 0.040625 0.0625
2 0.5671875 0.34609375 0.0296875 0.0484375
2 0.54921875 0.31171875 0.0359375 0.046875
2 0.53515625 0.26796875 0.03125 0.0515625
2 0.5765625 0.18515625 0.0390625 0.0734375
2 0.553125 0.26640625 0.021875 0.0515625
2 0.52578125 0.2421875 0.028125 0.0515625
2 0.48359375 0.18671875 0.0234375 0.046875
2 0.5984375 0.1375 0.046875 0.0875
2 0.61484375 0.18828125 0.034375 0.06875
2 0.97734375 0.10390625 0.0359375 0.0578125
2 0.97421875 0.55234375 0.0359375 0.0359375
2 0.846875 0.70390625 0.034375 0.05625
2 0.54375 0.7359375 0.021875 0.034375
2 0.496875 0.5125 0.03125 0.0453125
2 0.3765625 0.5890625 0.0359375 0.059375
2 0.375 0.428125 0.028125 0.040625
2 0.27421875 0.5546875 0.0296875 0.04375
2 0.27265625 0.6953125 0.0296875 0.05
2 0.21640625 0.5234375 0.0296875 0.05
2 0.20859375 0.56640625 0.0296875 0.04375
2 0.1875 0.4953125 0.0296875 0.04375
2 0.2078125 0.34140625 0.028125 0.04375
2 0.22265625 0.28671875 0.021875 0.0265625
2 0.2328125 0.3296875 0.025 0.034375
2 0.33046875 0.5 0.015625 0.0328125
2 0.29296875 0.09140625 0.0234375 0.0421875
2 0.2765625 0.10390625 0.0203125 0.0328125
2 0.35078125 0.01953125 0.0203125 0.0359375
2 0.45390625 0.028125 0.01875 0.025
2 0.48515625 0.01875 0.0140625 0.028125
2 0.53359375 0.1 0.0203125 0.021875
2 0.5328125 0.1546875 0.0234375 0.03125
2 0.3703125 0.27421875 0.015625 0.03125
2 0.4078125 0.25390625 0.015625 0.034375
2 0.79296875 0.29140625 0.0296875 0.0296875
2 0.834375 0.19765625 0.0296875 0.05625
2 0.16171875 0.26953125 0.0234375 0.0359375
2 0.1640625 0.34296875 0.0109375 0.01875
2 0.10234375 0.390625 0.021875 0.0265625
2 0.128125 0.39609375 0.015625 0.0203125
2 0.0265625 0.29765625 0.0140625 0.01875
2 0.03671875 0.265625 0.0125 0.0171875
2 0.00546875 0.253125 0.0109375 0.01875
2 0.046875 0.07265625 0.0140625 0.01875