2 0.54140625 0.609375 0.0328125 0.0390625
2 0.5390625 0.66796875 0.0265625 0.0359375
2 0.48125 0.6296875 0.025 0.034375
2 0.46484375 0.66171875 0.028125 0.046875
2 0.4453125 0.55625 0.0234375 0.0359375
2 0.50546875 0.53828125 0.0265625 0.0421875
2 0.54921875 0.484375 0.0234375 0.03125
2 0.640625 0.4734375 0.0359375 0.0375
2 0.74765625 0.46171875 0.0359375 0.03125
2 0.91171875 0.4453125 0.0203125 0.034375
2 0.81484375 0.3796875 0.025 0.0234375
2 0.83671875 0.4890625 0.025 0.0296875
2 0.246875 0.34765625 0.0234375 0.028125
2 0.36796875 0.68359375 0.021875 0.028125