2 0.45625 0.2015625 0.0171875 0.0375
2 0.29765625 0.31484375 0.0296875 0.0484375
2 0.45078125 0.4140625 0.0265625 0.0515625
2 0.5734375 0.43046875 0.015625 0.0421875
2 0.6015625 0.4578125 0.01875 0.0421875
2 0.49765625 0.47421875 0.0203125 0.0265625
2 0.45078125 0.6328125 0.028125 0.0515625
2 0.5078125 0.68203125 0.028125 0.046875
2 0.3703125 0.69609375 0.0328125 0.04375
2 0.3796875 0.803125 0.01875 0.03125
2 0.33046875 0.84375 0.015625 0.0328125
2 0.59453125 0.86875 0.0203125 0.040625
2 0.59453125 0.9796875 0.0234375 0.0234375