2 0.33828125 0.0984375 0.0328125 0.0546875
2 0.3984375 0.1984375 0.0328125 0.0578125
2 0.3328125 0.21796875 0.034375 0.046875
2 0.1984375 0.71796875 0.0453125 0.0546875
2 0.16015625 0.76171875 0.04375 0.04375
2 0.16796875 0.6984375 0.0375 0.0421875
2 0.1359375 0.70625 0.028125 0.0375
2 0.084375 0.4953125 0.015625 0.0296875
2 0.06171875 0.54921875 0.0140625 0.01875
2 0.06171875 0.56875 0.009375 0.025
2 0.0765625 0.5609375 0.0171875 0.028125
2 0.47109375 0.89375 0.0390625 0.05
2 0.56484375 0.90625 0.0328125 0.0375
2 0.69921875 0.7234375 0.0234375 0.03125
2 0.68828125 0.78984375 0.025 0.0359375
2 0.59609375 0.7734375 0.0265625 0.0359375
2 0.58671875 0.81015625 0.028125 0.0375
2 0.42578125 0.4984375 0.0234375 0.0328125
2 0.47421875 0.48828125 0.0265625 0.0359375
2 0.5046875 0.325 0.0234375 0.0296875
2 0.64921875 0.4328125 0.0265625 0.0359375
2 0.35234375 0.80703125 0.0359375 0.0390625
2 0.41328125 0.80625 0.0546875 0.0453125
2 0.33515625 0.50859375 0.0390625 0.046875
2 0.41171875 0.35625 0.0265625 0.0296875
2 0.02734375 0.4671875 0.0203125 0.025
2 0.5421875 0.52890625 0.0234375 0.028125
2 0.55078125 0.7640625 0.028125 0.0328125
2 0.66171875 0.64921875 0.025 0.03125
2 0.07109375 0.21328125 0.0203125 0.021875
2 0.08984375 0.16875 0.0140625 0.0171875