2 0.0953125 0.153125 0.0125 0.0171875
2 0.13671875 0.12421875 0.009375 0.0109375
2 0.14609375 0.08125 0.0109375 0.0125
2 0.1484375 0.04765625 0.0140625 0.0171875
2 0.1078125 0.06640625 0.009375 0.0140625
2 0.1046875 0.04140625 0.0109375 0.0125
2 0.1125 0.0125 0.0125 0.015625
2 0.10703125 0.0890625 0.015625 0.015625
2 0.0171875 0.0875 0.0171875 0.025
2 0.1125 0.11015625 0.0140625 0.0125
2 0.021875 0.14609375 0.0125 0.0140625
2 0.1828125 0.11796875 0.0125 0.021875
2 0.11796875 0.13359375 0.00625 0.015625
2 0.23984375 0.01953125 0.0328125 0.0390625
2 0.26328125 0.0953125 0.021875 0.0375
2 0.27890625 0.08515625 0.0203125 0.034375
2 0.8640625 0.02578125 0.0625 0.0515625
2 0.75234375 0.01640625 0.0296875 0.0328125
2 0.67734375 0.05234375 0.03125 0.0484375
2 0.7125 0.071875 0.0359375 0.04375
2 0.73828125 0.16015625 0.0421875 0.040625
2 0.74140625 0.1921875 0.0359375 0.040625
2 0.71796875 0.203125 0.0234375 0.053125
2 0.85546875 0.178125 0.0578125 0.071875
2 0.95 0.15390625 0.0515625 0.06875
2 0.90859375 0.215625 0.034375 0.0765625
2 0.94453125 0.215625 0.040625 0.071875
2 0.85234375 0.2734375 0.0359375 0.0703125
2 0.88125 0.26796875 0.03125 0.053125
2 0.97890625 0.2703125 0.03125 0.05
2 0.9640625 0.371875 0.0515625 0.0515625
2 0.91171875 0.3671875 0.0390625 0.053125
2 0.9203125 0.434375 0.0390625 0.0390625
2 0.8734375 0.51015625 0.0453125 0.046875
2 0.828125 0.46640625 0.034375 0.0421875
2 0.95390625 0.44375 0.0234375 0.0390625
2 0.8796875 0.58203125 0.034375 0.053125
2 0.86328125 0.6203125 0.040625 0.0453125
2 0.77578125 0.48359375 0.04375 0.0609375
2 0.76171875 0.56484375 0.040625 0.05
2 0.746875 0.6078125 0.04375 0.0546875
2 0.71875 0.625 0.028125 0.0421875
2 0.97265625 0.66640625 0.040625 0.05625
2 0.98203125 0.70546875 0.0359375 0.0515625
2 0.903125 0.7375 0.0296875 0.046875
2 0.9265625 0.6578125 0.0265625 0.0421875
2 0.93671875 0.715625 0.0328125 0.0515625
2 0.89140625 0.78046875 0.0328125 0.04375
2 0.9046875 0.80390625 0.0296875 0.0359375
2 0.9359375 0.7875 0.0375 0.0484375
2 0.96328125 0.81640625 0.0265625 0.0484375
2 0.93515625 0.90390625 0.0359375 0.0546875
2 0.9875 0.9078125 0.025 0.053125
2 0.9671875 0.95546875 0.028125 0.0375
2 0.79765625 0.69765625 0.0265625 0.04375
2 0.78515625 0.73671875 0.028125 0.0328125
2 0.76953125 0.75625 0.0296875 0.0421875
2 0.728125 0.71484375 0.028125 0.04375
2 0.746875 0.7515625 0.03125 0.0390625
2 0.7296875 0.76171875 0.0359375 0.040625
2 0.63671875 0.815625 0.0375 0.0515625
2 0.61796875 0.78671875 0.034375 0.0484375
2 0.66796875 0.79140625 0.03125 0.03125
2 0.675 0.76328125 0.025 0.040625
2 0.678125 0.728125 0.0328125 0.034375
2 0.62578125 0.74609375 0.0359375 0.0453125
2 0.65 0.696875 0.0390625 0.053125
2 0.671875 0.67265625 0.040625 0.0421875
2 0.66640625 0.6109375 0.0328125 0.05625
2 0.48203125 0.8359375 0.0390625 0.046875
2 0.46484375 0.8953125 0.0296875 0.0484375
2 0.45546875 0.83359375 0.0234375 0.040625
2 0.39921875 0.86796875 0.0296875 0.040625
2 0.3484375 0.82109375 0.04375 0.0515625
2 0.35390625 0.71953125 0.025 0.028125
2 0.44296875 0.74921875 0.025 0.046875
2 0.40703125 0.7015625 0.034375 0.0453125
2 0.5234375 0.87890625 0.025 0.0375
2 0.50546875 0.85 0.0203125 0.028125
2 0.51171875 0.78828125 0.0234375 0.0359375
2 0.53203125 0.83359375 0.025 0.0359375
2 0.51484375 0.65546875 0.0265625 0.040625
2 0.459375 0.60546875 0.05 0.0578125
2 0.41171875 0.5890625 0.034375 0.0421875
2 0.38671875 0.515625 0.0421875 0.0578125
2 0.38125 0.434375 0.034375 0.0390625
2 0.30546875 0.59921875 0.0359375 0.0359375
2 0.28515625 0.52265625 0.025 0.040625
2 0.30625 0.5390625 0.021875 0.034375
2 0.2828125 0.55234375 0.025 0.028125
2 0.25234375 0.53125 0.034375 0.0421875
2 0.25703125 0.48671875 0.034375 0.046875
2 0.2328125 0.41953125 0.025 0.0328125
2 0.26875 0.36640625 0.0375 0.03125
2 0.2546875 0.41015625 0.021875 0.0296875
2 0.2875 0.47109375 0.03125 0.0328125
2 0.31171875 0.5359375 0.034375 0.034375
2 0.6140625 0.621875 0.03125 0.0328125
2 0.57890625 0.6734375 0.03125 0.0390625
2 0.58359375 0.72734375 0.0328125 0.034375
2 0.61015625 0.66484375 0.015625 0.028125
2 0.62578125 0.5765625 0.0359375 0.046875
2 0.596875 0.534375 0.0359375 0.046875
2 0.5640625 0.5265625 0.0484375 0.0484375
2 0.5421875 0.47734375 0.04375 0.0578125
2 0.58984375 0.38984375 0.0265625 0.05
2 0.54296875 0.3890625 0.0328125 0.0421875
2 0.53046875 0.32890625 0.0375 0.0609375
2 0.60234375 0.28515625 0.0375 0.053125
2 0.61875 0.484375 0.028125 0.034375
2 0.634375 0.44921875 0.0328125 0.046875
2 0.6578125 0.43203125 0.0296875 0.0515625
2 0.684375 0.43515625 0.03125 0.0453125
2 0.71484375 0.43828125 0.0265625 0.034375
2 0.70078125 0.47890625 0.0328125 0.0484375
2 0.69609375 0.5375 0.03125 0.0421875
2 0.66796875 0.5546875 0.0296875 0.040625
2 0.3625 0.2796875 0.040625 0.0453125
2 0.3390625 0.23046875 0.03125 0.0421875
2 0.24140625 0.2671875 0.0375 0.040625
2 0.2796875 0.21953125 0.0328125 0.040625
2 0.434375 0.15 0.0390625 0.0546875
2 0.465625 0.22890625 0.0359375 0.04375
2 0.534375 0.153125 0.04375 0.034375