0 0.0453125 0.3921875 0.0890625 0.0984375
0 0.06015625 0.3296875 0.0453125 0.046875
0 0.09453125 0.35390625 0.0359375 0.0390625
0 0.06484375 0.459375 0.0546875 0.0546875
0 0.24765625 0.24296875 0.06875 0.06875
0 0.1953125 0.2546875 0.034375 0.0765625
0 0.3171875 0.0546875 0.065625 0.109375
0 0.3296875 0.12578125 0.0625 0.0578125
0 0.51640625 0.4796875 0.1578125 0.1921875
0 0.43203125 0.4296875 0.046875 0.0890625
0 0.40234375 0.5234375 0.046875 0.0484375
0 0.43203125 0.51015625 0.034375 0.0484375
0 0.56484375 0.32890625 0.0375 0.0671875
0 0.6171875 0.28203125 0.0546875 0.121875
0 0.61953125 0.50703125 0.0515625 0.1796875
0 0.22265625 0.52890625 0.0359375 0.0515625
0 0.1421875 0.3515625 0.034375 0.0546875
0 0.17109375 0.2984375 0.0234375 0.05