2 0.36484375 0.24140625 0.053125 0.03125
2 0.6453125 0.265625 0.06875 0.0359375
2 0.9390625 0.378125 0.059375 0.034375
2 0.61953125 0.3609375 0.0890625 0.0484375
2 0.61796875 0.32578125 0.0703125 0.0296875
2 0.43046875 0.43828125 0.0890625 0.05
2 0.3546875 0.42421875 0.0625 0.046875
2 0.29140625 0.42265625 0.0796875 0.046875
2 0.13984375 0.44765625 0.084375 0.0453125
2 0.675 0.42890625 0.0734375 0.04375
2 0.82578125 0.40625 0.078125 0.040625
2 0.53671875 0.525 0.075 0.0421875
2 0.440625 0.53359375 0.071875 0.0421875
2 0.39765625 0.58359375 0.0828125 0.0421875
2 0.33359375 0.5609375 0.0859375 0.046875
2 0.6828125 0.58359375 0.0703125 0.0390625
2 0.32578125 0.52421875 0.046875 0.028125
2 0.88046875 0.67578125 0.0625 0.0390625
2 0.58984375 0.725 0.04375 0.0421875
2 0.53828125 0.74140625 0.0625 0.034375
2 0.1921875 0.721875 0.075 0.0421875
2 0.178125 0.7015625 0.0671875 0.034375
2 0.13984375 0.68515625 0.053125 0.0328125
2 0.0640625 0.69609375 0.0796875 0.0390625
2 0.15546875 0.81796875 0.0765625 0.0421875
2 0.37421875 0.8046875 0.075 0.0390625
2 0.040625 0.95 0.0375 0.0390625
2 0.9765625 0.8296875 0.046875 0.0296875
2 0.96953125 0.97421875 0.0609375 0.0390625