2 0.5453125 0.459375 0.03125 0.0421875
2 0.56484375 0.4109375 0.028125 0.0328125
2 0.59609375 0.45625 0.0265625 0.0421875
2 0.3109375 0.45 0.0296875 0.040625
2 0.38515625 0.6140625 0.021875 0.0390625
2 0.3796875 0.65390625 0.0265625 0.028125
2 0.1984375 0.5828125 0.0203125 0.028125
2 0.14921875 0.5359375 0.0171875 0.0265625
2 0.13046875 0.46796875 0.0296875 0.0296875
2 0.28125 0.51875 0.028125 0.0359375
2 0.6765625 0.19921875 0.034375 0.0546875
2 0.69609375 0.2265625 0.0265625 0.0296875
2 0.23515625 0.61015625 0.0171875 0.0234375
2 0.228125 0.590625 0.01875 0.025
2 0.2078125 0.51875 0.0171875 0.028125
2 0.27734375 0.46875 0.0234375 0.0265625
2 0.24765625 0.5640625 0.0203125 0.0234375
2 0.22109375 0.55625 0.01875 0.025
2 0.253125 0.52578125 0.0140625 0.03125
2 0.28203125 0.55625 0.015625 0.0234375
2 0.315625 0.64296875 0.0234375 0.028125
2 0.28125 0.6375 0.0203125 0.0265625
2 0.27578125 0.6296875 0.0171875 0.0203125
2 0.1609375 0.4 0.0296875 0.0296875
2 0.178125 0.38828125 0.0234375 0.0203125
2 0.33125 0.38359375 0.021875 0.034375
2 0.29765625 0.378125 0.01875 0.028125
2 0.421875 0.6125 0.0265625 0.03125
2 0.40859375 0.5578125 0.0265625 0.0359375
2 0.38984375 0.5296875 0.025 0.0328125
2 0.51953125 0.2515625 0.0234375 0.0265625
2 0.378125 0.159375 0.01875 0.021875
2 0.26015625 0.240625 0.025 0.0265625
2 0.15625 0.24296875 0.0234375 0.025
2 0.14765625 0.17578125 0.0171875 0.0171875
2 0.5125 0.47421875 0.0203125 0.0328125
2 0.62109375 0.50390625 0.0171875 0.0265625
2 0.7515625 0.35 0.025 0.028125
2 0.68359375 0.28359375 0.0265625 0.0359375
2 0.6203125 0.36484375 0.0234375 0.03125
2 0.77578125 0.5015625 0.0171875 0.0203125
2 0.7578125 0.47265625 0.0140625 0.01875
2 0.453125 0.46328125 0.0234375 0.0234375
2 0.35 0.59765625 0.0234375 0.0296875
2 0.12890625 0.4828125 0.015625 0.0203125
2 0.0109375 0.3484375 0.0140625 0.0140625
2 0.43984375 0.50234375 0.025 0.028125
2 0.4015625 0.49140625 0.0203125 0.021875
2 0.23515625 0.5546875 0.015625 0.0203125