2 0.178125 0.17890625 0.040625 0.0234375
2 0.15078125 0.17890625 0.025 0.0171875
2 0.16328125 0.20078125 0.0390625 0.021875
2 0.190625 0.21171875 0.0359375 0.0203125
2 0.16953125 0.22578125 0.0328125 0.0203125
2 0.2546875 0.18515625 0.0375 0.0203125
2 0.3234375 0.25078125 0.0671875 0.0328125
2 0.78203125 0.11328125 0.04375 0.0234375
2 0.74140625 0.2328125 0.046875 0.028125
2 0.61328125 0.203125 0.01875 0.0203125
2 0.65703125 0.16953125 0.0234375 0.009375
2 0.615625 0.38828125 0.0875 0.0453125
2 0.2578125 0.35546875 0.0296875 0.01875
2 0.20625 0.371875 0.034375 0.0265625
2 0.31953125 0.421875 0.0546875 0.0375
2 0.2734375 0.43125 0.05 0.0328125
2 0.2484375 0.425 0.0359375 0.03125
2 0.14296875 0.471875 0.053125 0.028125
2 0.7765625 0.42421875 0.075 0.0375
2 0.903125 0.4859375 0.05625 0.028125
2 0.64375 0.54375 0.0625 0.0390625
2 0.4203125 0.51640625 0.075 0.0421875
2 0.5 0.5125 0.06875 0.0390625
2 0.5984375 0.56640625 0.0203125 0.028125
2 0.49375 0.609375 0.021875 0.0234375
2 0.45625 0.63359375 0.03125 0.0203125
2 0.41484375 0.734375 0.0734375 0.0421875
2 0.459375 0.71640625 0.0625 0.040625
2 0.3859375 0.7265625 0.059375 0.0390625
2 0.4390625 0.7546875 0.0703125 0.0359375
2 0.30078125 0.73125 0.0421875 0.0234375
2 0.3078125 0.7078125 0.0375 0.0234375
2 0.2703125 0.71796875 0.04375 0.0234375
2 0.23828125 0.70078125 0.0375 0.0203125
2 0.27734375 0.7 0.0203125 0.0125
2 0.37265625 0.76796875 0.0390625 0.028125
2 0.41171875 0.76796875 0.0390625 0.0234375
2 0.11953125 0.78984375 0.0375 0.021875
2 0.22421875 0.778125 0.028125 0.0140625
2 0.26328125 0.825 0.0375 0.021875
2 0.29296875 0.8171875 0.034375 0.0234375
2 0.2890625 0.8 0.03125 0.015625
2 0.04140625 0.74921875 0.0265625 0.0125
2 0.02421875 0.80625 0.046875 0.0265625
2 0.41484375 0.91953125 0.0390625 0.025