2 0.50625 0.0390625 0.0390625 0.065625
2 0.2359375 0.05859375 0.0296875 0.0328125
2 0.3078125 0.0515625 0.0234375 0.034375
2 0.31484375 0.0140625 0.028125 0.028125
2 0.33984375 0.078125 0.0375 0.05
2 0.3828125 0.16953125 0.0453125 0.075
2 0.39609375 0.28984375 0.040625 0.0546875
2 0.21328125 0.35390625 0.0328125 0.0453125
2 0.184375 0.13515625 0.0296875 0.04375
2 0.2390625 0.1671875 0.03125 0.0453125
2 0.25703125 0.4140625 0.0375 0.0609375
2 0.32265625 0.40078125 0.0421875 0.059375
2 0.290625 0.46640625 0.03125 0.0359375
2 0.2421875 0.48359375 0.028125 0.034375
2 0.0453125 0.86953125 0.0359375 0.065625
2 0.09765625 0.971875 0.0375 0.05625
2 0.36875 0.9796875 0.04375 0.040625
2 0.08671875 0.78046875 0.0375 0.0515625
2 0.125 0.73046875 0.0515625 0.0671875
2 0.06953125 0.82265625 0.0375 0.05
2 0.3796875 0.65859375 0.03125 0.05
2 0.61015625 0.68203125 0.028125 0.0421875
2 0.6921875 0.68515625 0.03125 0.0484375
2 0.771875 0.7125 0.028125 0.0375
2 0.81015625 0.83203125 0.0265625 0.040625
2 0.6375 0.6484375 0.03125 0.05625
2 0.61328125 0.5140625 0.03125 0.0484375
2 0.57265625 0.49375 0.0234375 0.0484375
2 0.56015625 0.48046875 0.0203125 0.0390625
2 0.5390625 0.48125 0.03125 0.0484375
2 0.5078125 0.478125 0.0328125 0.0453125
2 0.53203125 0.528125 0.0109375 0.0265625
2 0.51640625 0.53125 0.01875 0.0421875
2 0.46953125 0.5328125 0.0390625 0.05
2 0.43359375 0.5375 0.0375 0.05
2 0.44609375 0.58515625 0.03125 0.0484375
2 0.42109375 0.60703125 0.0296875 0.04375
2 0.34921875 0.56171875 0.028125 0.0390625
2 0.3796875 0.55546875 0.0375 0.0515625
2 0.3703125 0.53125 0.025 0.034375
2 0.2984375 0.5015625 0.03125 0.0421875
2 0.60078125 0.315625 0.0234375 0.0421875
2 0.6875 0.16875 0.034375 0.0484375
2 0.69921875 0.121875 0.028125 0.0453125
2 0.7265625 0.1953125 0.0296875 0.046875
2 0.74921875 0.29453125 0.028125 0.0375
2 0.99140625 0.34921875 0.0171875 0.0390625
2 0.96796875 0.38046875 0.028125 0.046875
2 0.990625 0.41484375 0.01875 0.0453125
2 0.740625 0.5625 0.0390625 0.05
2 0.90390625 0.8296875 0.0359375 0.0515625
2 0.90703125 0.8765625 0.0328125 0.046875
2 0.94765625 0.67109375 0.05 0.0609375