0 0.1984375 0.00625 0.0109375 0.0125
0 0.13828125 0.059375 0.0203125 0.025
0 0.128125 0.04453125 0.0109375 0.0109375
0 0.0421875 0.10703125 0.0078125 0.0140625
0 0.26796875 0.15078125 0.0125 0.0125
0 0.37734375 0.05703125 0.009375 0.028125
0 0.36015625 0.090625 0.01875 0.01875
0 0.365625 0.0796875 0.0078125 0.009375
0 0.49453125 0.10078125 0.028125 0.046875
0 0.49453125 0.07890625 0.0125 0.015625
0 0.37421875 0.15078125 0.0078125 0.0171875
0 0.484375 0.22734375 0.009375 0.0171875
0 0.49296875 0.27421875 0.015625 0.0140625
0 0.4921875 0.2890625 0.0140625 0.0125
0 0.46640625 0.27890625 0.009375 0.0140625
0 0.46328125 0.27109375 0.009375 0.0125
0 0.4515625 0.41328125 0.0140625 0.0203125
0 0.45390625 0.39609375 0.0125 0.015625
0 0.47578125 0.415625 0.015625 0.0171875
0 0.4640625 0.4140625 0.0109375 0.01875
0 0.48046875 0.4046875 0.015625 0.0171875
0 0.4765625 0.43359375 0.0125 0.0140625
0 0.51015625 0.484375 0.0125 0.021875
0 0.4109375 0.296875 0.0109375 0.015625
0 0.40546875 0.26640625 0.0109375 0.015625
0 0.41328125 0.28125 0.0078125 0.009375
0 0.3265625 0.30546875 0.0140625 0.0125
0 0.31640625 0.36796875 0.009375 0.015625
0 0.421875 0.434375 0.0140625 0.015625
0 0.43828125 0.4359375 0.015625 0.0203125
0 0.49609375 0.49453125 0.0109375 0.0171875
0 0.63203125 0.446875 0.0109375 0.0171875
0 0.63515625 0.46953125 0.015625 0.0296875
0 0.29921875 0.53046875 0.015625 0.025
0 0.31171875 0.52890625 0.0125 0.021875
0 0.3890625 0.515625 0.0078125 0.009375
0 0.4484375 0.54375 0.0109375 0.015625
0 0.42578125 0.615625 0.025 0.021875
0 0.40234375 0.3109375 0.0078125 0.0109375
0 0.46015625 0.29921875 0.0125 0.0203125
0 0.4859375 0.3515625 0.0125 0.0140625
0 0.50390625 0.3390625 0.009375 0.01875
0 0.6234375 0.48046875 0.009375 0.0125
0 0.61796875 0.459375 0.0078125 0.01875
0 0.371875 0.309375 0.0125 0.0109375
0 0.30625 0.3609375 0.0078125 0.009375
0 0.29296875 0.4328125 0.015625 0.0203125
0 0.31171875 0.47265625 0.0171875 0.0296875
0 0.2984375 0.46640625 0.00625 0.009375
0 0.375 0.515625 0.0078125 0.009375
0 0.36484375 0.5140625 0.0078125 0.009375
0 0.3578125 0.52421875 0.0125 0.01875
0 0.30625 0.59375 0.0109375 0.025
0 0.415625 0.546875 0.0078125 0.0109375
0 0.42265625 0.45625 0.015625 0.021875
0 0.421875 0.50234375 0.0125 0.015625
0 0.4265625 0.49140625 0.0109375 0.0125
0 0.43125 0.5109375 0.0109375 0.0203125
0 0.43515625 0.5734375 0.0203125 0.0296875
0 0.41328125 0.6265625 0.015625 0.0203125
2 0.365625 0.653125 0.015625 0.0234375
2 0.37578125 0.63125 0.015625 0.0234375
2 0.45859375 0.92265625 0.009375 0.028125
2 0.4015625 0.44609375 0.00625 0.009375
2 0.265625 0.26796875 0.015625 0.025
2 0.11796875 0.97265625 0.028125 0.0390625
0 0.11875 0.97421875 0.0109375 0.021875
0 0.0859375 0.98203125 0.0171875 0.025
0 0.090625 0.9328125 0.00625 0.0125
0 0.0984375 0.95859375 0.0109375 0.0140625
0 0.10078125 0.9953125 0.00625 0.0078125
0 0.02109375 0.94140625 0.009375 0.0140625
0 0.03203125 0.85390625 0.0078125 0.009375
0 0.021875 0.83203125 0.0140625 0.0140625
0 0.01171875 0.84453125 0.0109375 0.0109375
0 0.04375 0.884375 0.0046875 0.009375
0 0.0921875 0.65078125 0.0078125 0.0125
0 0.21953125 0.59765625 0.009375 0.01875
0 0.22265625 0.58046875 0.0109375 0.0171875
0 0.19296875 0.4859375 0.0125 0.0109375
0 0.05546875 0.6 0.0125 0.0171875
0 0.065625 0.6359375 0.0109375 0.0109375
0 0.0859375 0.6140625 0.015625 0.0125
0 0.02265625 0.57265625 0.00625 0.0078125
0 0.021875 0.52265625 0.0109375 0.015625
0 0.03515625 0.51484375 0.0046875 0.00625
0 0.134375 0.50546875 0.0125 0.009375
0 0.11953125 0.3125 0.009375 0.0203125
0 0.1625 0.29609375 0.009375 0.01875
0 0.2171875 0.31328125 0.00625 0.009375
0 0.046875 0.190625 0.015625 0.0203125
0 0.0703125 0.18984375 0.009375 0.0140625
0 0.02265625 0.15234375 0.0109375 0.0125
0 0.02578125 0.17265625 0.0078125 0.0078125
0 0.10234375 0.18046875 0.0171875 0.015625
0 0.0859375 0.18125 0.0140625 0.0140625
0 0.18984375 0.0109375 0.0078125 0.0140625
0 0.17890625 0.0078125 0.0109375 0.015625
0 0.16328125 0.0265625 0.00625 0.0109375
0 0.27578125 0.153125 0.0109375 0.0140625
0 0.55078125 0.55390625 0.009375 0.0125
0 0.5 0.5796875 0.009375 0.0125
0 0.5625 0.5984375 0.009375 0.0171875
0 0.59140625 0.55859375 0.01875 0.021875
0 0.63984375 0.5546875 0.015625 0.021875
0 0.6578125 0.575 0.0171875 0.01875
0 0.66875 0.58671875 0.0109375 0.0203125
0 0.6625 0.4921875 0.009375 0.01875
0 0.68828125 0.4984375 0.0125 0.021875
0 0.67578125 0.51015625 0.0078125 0.0140625
0 0.5421875 0.56640625 0.0078125 0.0109375
0 0.5484375 0.58359375 0.0140625 0.009375
0 0.5625 0.6203125 0.0078125 0.0109375
0 0.596875 0.64765625 0.0078125 0.0140625
0 0.6375 0.678125 0.0078125 0.015625
0 0.66953125 0.71171875 0.009375 0.0125
0 0.6765625 0.709375 0.009375 0.0125
0 0.6953125 0.70234375 0.015625 0.0359375
0 0.71796875 0.68046875 0.0078125 0.0125
0 0.73046875 0.71328125 0.0125 0.015625
0 0.734375 0.7328125 0.01875 0.028125
0 0.74375 0.69609375 0.0078125 0.0234375
0 0.6109375 0.775 0.015625 0.01875
0 0.58671875 0.79140625 0.0046875 0.0109375
0 0.5921875 0.80078125 0.00625 0.0109375
0 0.59921875 0.7953125 0.0078125 0.009375
0 0.503125 0.80390625 0.009375 0.0125
0 0.51328125 0.81796875 0.0140625 0.021875
0 0.61953125 0.959375 0.0078125 0.0109375
0 0.62890625 0.965625 0.00625 0.0109375
0 0.63828125 0.96875 0.009375 0.009375
0 0.62265625 0.91484375 0.0046875 0.015625
0 0.628125 0.91171875 0.0109375 0.015625
0 0.52890625 0.96015625 0.0125 0.0125
0 0.5171875 0.95078125 0.009375 0.0140625
0 0.5203125 0.99140625 0.0078125 0.015625
0 0.509375 0.9453125 0.0078125 0.0109375
0 0.434375 0.896875 0.0125 0.0234375
0 0.41015625 0.91015625 0.0078125 0.015625
0 0.32265625 0.9859375 0.015625 0.028125
0 0.31796875 0.846875 0.015625 0.0296875
0 0.2859375 0.78203125 0.0125 0.0125
0 0.3671875 0.7078125 0.0140625 0.015625
0 0.32265625 0.6765625 0.0125 0.015625
0 0.35546875 0.68515625 0.009375 0.021875
0 0.34375 0.68828125 0.00625 0.0109375
0 0.334375 0.68828125 0.00625 0.009375
0 0.353125 0.709375 0.0046875 0.0078125
0 0.3484375 0.715625 0.0078125 0.0078125
0 0.2046875 0.60546875 0.0078125 0.0109375
0 0.46796875 0.45390625 0.0109375 0.021875
0 0.45078125 0.45234375 0.009375 0.021875
0 0.48125 0.49765625 0.0125 0.021875
0 0.44296875 0.5015625 0.0109375 0.015625
0 0.46875 0.52890625 0.0109375 0.015625
0 0.4328125 0.53125 0.0125 0.0125
0 0.44765625 0.53125 0.0109375 0.0125
0 0.45703125 0.5546875 0.009375 0.01875
0 0.453125 0.58828125 0.009375 0.0109375
0 0.4015625 0.54453125 0.00625 0.009375
0 0.3953125 0.5765625 0.0078125 0.0140625
0 0.38359375 0.5609375 0.0078125 0.009375
0 0.3734375 0.5515625 0.0046875 0.0046875
0 0.51484375 0.3015625 0.0078125 0.009375
0 0.51640625 0.31171875 0.0046875 0.009375
0 0.5265625 0.32265625 0.0078125 0.009375
0 0.49375 0.3328125 0.0078125 0.0125
0 0.4421875 0.3453125 0.0078125 0.0203125
0 0.41875 0.36484375 0.0078125 0.0109375
0 0.40390625 0.40390625 0.0125 0.021875
0 0.35234375 0.425 0.021875 0.01875
0 0.68125 0.1953125 0.021875 0.0359375
0 0.66328125 0.246875 0.0234375 0.0328125
0 0.69140625 0.2484375 0.0109375 0.0125
0 0.69453125 0.23984375 0.0078125 0.0109375
0 0.71015625 0.28671875 0.0296875 0.0328125
0 0.734375 0.21484375 0.0265625 0.0265625
0 0.72109375 0.24765625 0.025 0.0265625
0 0.70703125 0.26015625 0.021875 0.025
0 0.7875 0.32578125 0.0171875 0.0265625
0 0.77265625 0.32578125 0.0125 0.0109375
0 0.7375 0.37734375 0.0125 0.0203125
0 0.74375 0.35234375 0.0125 0.0234375
0 0.678125 0.37109375 0.0171875 0.0140625
0 0.609375 0.30703125 0.0078125 0.0125
0 0.62265625 0.33984375 0.0125 0.015625
0 0.59921875 0.340625 0.0046875 0.0078125
0 0.59921875 0.3609375 0.0109375 0.0125
0 0.6640625 0.72734375 0.0125 0.0234375
0 0.67421875 0.73828125 0.009375 0.0140625
0 0.65234375 0.72421875 0.0109375 0.015625
0 0.62265625 0.7296875 0.0109375 0.0125
0 0.6328125 0.6953125 0.0125 0.01875
0 0.803125 0.56796875 0.0125 0.01875
0 0.79140625 0.58671875 0.009375 0.0109375
0 0.790625 0.571875 0.0046875 0.0078125
0 0.83515625 0.575 0.00625 0.0078125
0 0.8375 0.30078125 0.01875 0.0203125
0 0.8078125 0.28671875 0.009375 0.0109375
0 0.78828125 0.29921875 0.0046875 0.009375
0 0.8203125 0.25 0.0078125 0.0109375
0 0.8359375 0.2546875 0.00625 0.0140625
0 0.84140625 0.64921875 0.00625 0.0078125
0 0.85859375 0.69921875 0.00625 0.0109375
0 0.871875 0.70234375 0.00625 0.0078125
0 0.90234375 0.66953125 0.0078125 0.009375
0 0.94296875 0.640625 0.01875 0.0203125
0 0.9140625 0.6265625 0.0125 0.01875
0 0.90859375 0.63984375 0.0078125 0.0125
0 0.615625 0.0140625 0.0125 0.0140625
0 0.625 0.009375 0.009375 0.0140625
0 0.61875 0.00390625 0.00625 0.0078125
0 0.54921875 0.01015625 0.0078125 0.015625
0 0.52734375 0.0265625 0.0109375 0.0140625
0 0.53046875 0.03828125 0.0078125 0.0109375
0 0.55703125 0.0328125 0.0109375 0.009375
0 0.60078125 0.015625 0.009375 0.0109375
0 0.6125 0.02734375 0.0078125 0.0109375
0 0.64140625 0.021875 0.01875 0.03125
0 0.62734375 0.02265625 0.0125 0.0171875
0 0.68359375 0.0375 0.0203125 0.0359375
0 0.6875 0.01171875 0.00625 0.0109375
0 0.6765625 0.0140625 0.0046875 0.009375
0 0.71328125 0.17734375 0.0203125 0.025
0 0.709375 0.1953125 0.015625 0.01875
0 0.64140625 0.3328125 0.0140625 0.015625
0 0.51328125 0.17109375 0.009375 0.015625
0 0.5203125 0.14375 0.0078125 0.0140625
0 0.53125 0.1578125 0.0078125 0.009375
0 0.5875 0.196875 0.0125 0.0171875
0 0.5453125 0.12265625 0.015625 0.025
0 0.56015625 0.140625 0.0078125 0.0125
0 0.390625 0.14140625 0.0078125 0.01875
0 0.403125 0.2890625 0.0078125 0.015625
0 0.42265625 0.05703125 0.0109375 0.021875
0 0.28828125 0.00703125 0.0234375 0.0140625
0 0.3375 0.00859375 0.03125 0.0171875
0 0.27890625 0.08046875 0.0125 0.0265625
0 0.28203125 0.02421875 0.0125 0.0203125
0 0.89375 0.01875 0.021875 0.03125