2 0.1921875 0.4140625 0.009375 0.0109375
2 0.178125 0.42109375 0.009375 0.0109375
2 0.19765625 0.4484375 0.0078125 0.0078125
2 0.20859375 0.45390625 0.00625 0.009375
2 0.13828125 0.44140625 0.009375 0.0140625
2 0.13984375 0.4609375 0.009375 0.0125
2 0.16796875 0.48828125 0.0109375 0.0125
2 0.1609375 0.496875 0.0078125 0.009375
2 0.1765625 0.5 0.0078125 0.009375
2 0.18984375 0.51875 0.00625 0.0078125
2 0.184375 0.53125 0.00625 0.009375
2 0.0359375 0.4234375 0.0109375 0.0125
2 0.01171875 0.42734375 0.0109375 0.015625
2 0.00390625 0.55546875 0.0078125 0.0140625
2 0.0109375 0.60546875 0.0109375 0.0109375
2 0.040625 0.5640625 0.00625 0.0109375
2 0.053125 0.54921875 0.0078125 0.009375
2 0.05234375 0.5640625 0.00625 0.0078125
2 0.0796875 0.55859375 0.0125 0.01875
2 0.07890625 0.578125 0.009375 0.0125
2 0.0703125 0.5875 0.0140625 0.0125
2 0.0375 0.61796875 0.0109375 0.0109375
2 0.0296875 0.61328125 0.0078125 0.0109375
2 0.0390625 0.62734375 0.0109375 0.009375
2 0.05859375 0.63125 0.0109375 0.0109375
2 0.06171875 0.61796875 0.0109375 0.0078125
2 0.0546875 0.6015625 0.0125 0.0125
2 0.05859375 0.61171875 0.0109375 0.0125
2 0.08046875 0.60234375 0.009375 0.009375
2 0.09609375 0.61171875 0.0109375 0.0109375
2 0.13046875 0.62265625 0.009375 0.0109375
2 0.140625 0.55703125 0.009375 0.0125
2 0.16015625 0.60234375 0.009375 0.0109375
2 0.14921875 0.5921875 0.009375 0.0125
2 0.1578125 0.5765625 0.0078125 0.009375
2 0.178125 0.5875 0.009375 0.0125
2 0.18984375 0.60703125 0.00625 0.009375
2 0.18828125 0.5984375 0.00625 0.009375
2 0.18828125 0.57890625 0.00625 0.009375
2 0.20703125 0.58671875 0.0078125 0.0109375
2 0.2203125 0.559375 0.015625 0.025
2 0.23046875 0.578125 0.0140625 0.0203125
2 0.24609375 0.5140625 0.0171875 0.028125
2 0.24765625 0.56796875 0.015625 0.0203125
2 0.24453125 0.553125 0.0125 0.01875
2 0.27109375 0.56796875 0.0171875 0.0203125
2 0.2390625 0.465625 0.0125 0.0171875
2 0.215625 0.4625 0.0078125 0.0125
2 0.2703125 0.3671875 0.0140625 0.0203125
2 0.290625 0.43984375 0.0125 0.0171875
2 0.2921875 0.47265625 0.0140625 0.0203125
2 0.33203125 0.27890625 0.021875 0.025
2 0.36796875 0.278125 0.021875 0.0234375
2 0.3703125 0.32421875 0.0265625 0.03125
2 0.3578125 0.4203125 0.021875 0.03125
2 0.38515625 0.41875 0.0203125 0.03125
2 0.31171875 0.4609375 0.0203125 0.0265625
2 0.33671875 0.484375 0.01875 0.0234375
2 0.315625 0.525 0.01875 0.03125
2 0.3359375 0.52265625 0.01875 0.034375
2 0.3921875 0.52421875 0.0234375 0.0265625
2 0.3578125 0.51953125 0.0171875 0.01875
2 0.3734375 0.5921875 0.0171875 0.03125
2 0.3953125 0.5875 0.0171875 0.028125
2 0.28984375 0.59140625 0.015625 0.021875
2 0.3078125 0.559375 0.0125 0.0203125
2 0.29140625 0.67890625 0.0171875 0.0234375
2 0.27265625 0.6875 0.0125 0.01875
2 0.259375 0.68828125 0.0109375 0.0171875
2 0.26015625 0.73828125 0.0140625 0.0171875
2 0.325 0.8140625 0.0234375 0.025
2 0.32578125 0.85390625 0.015625 0.028125
2 0.31171875 0.7828125 0.0125 0.0203125
2 0.3265625 0.76015625 0.0140625 0.021875
2 0.39296875 0.85234375 0.0171875 0.0265625
2 0.390625 0.81640625 0.015625 0.0234375
2 0.453125 0.82109375 0.0171875 0.0234375
2 0.38671875 0.73515625 0.0171875 0.028125
2 0.39453125 0.75625 0.0171875 0.01875
2 0.42109375 0.740625 0.0140625 0.028125
2 0.41875 0.65390625 0.0140625 0.028125
2 0.434375 0.6625 0.0203125 0.0265625
2 0.4296875 0.7109375 0.01875 0.0265625
2 0.4453125 0.7546875 0.021875 0.03125
2 0.44609375 0.72734375 0.021875 0.025
2 0.46328125 0.68515625 0.0234375 0.0296875
2 0.41875 0.44765625 0.0234375 0.028125
2 0.3984375 0.49296875 0.01875 0.025
2 0.43359375 0.57890625 0.0203125 0.028125
2 0.4625 0.6015625 0.01875 0.028125
2 0.49140625 0.60625 0.0125 0.015625
2 0.484375 0.47734375 0.0203125 0.0234375
2 0.4703125 0.43203125 0.0171875 0.0234375
2 0.50546875 0.446875 0.0234375 0.028125
2 0.56328125 0.428125 0.0203125 0.0265625
2 0.5609375 0.47109375 0.015625 0.01875
2 0.4578125 0.15703125 0.0265625 0.0328125
2 0.50859375 0.24921875 0.0203125 0.034375
2 0.55390625 0.23125 0.021875 0.03125
2 0.634375 0.26953125 0.0203125 0.025
2 0.62734375 0.23828125 0.0203125 0.0328125
2 0.63515625 0.31796875 0.01875 0.0234375
2 0.6625 0.30234375 0.0125 0.021875
2 0.4984375 0.3015625 0.0234375 0.0296875
2 0.48046875 0.3109375 0.01875 0.021875
2 0.45 0.32265625 0.0234375 0.0234375
2 0.4453125 0.28515625 0.0171875 0.0265625
2 0.4640625 0.27890625 0.021875 0.025
2 0.46796875 0.22734375 0.0203125 0.0265625
2 0.4875 0.50703125 0.0234375 0.0296875
2 0.471875 0.47421875 0.0078125 0.0171875
2 0.52578125 0.7375 0.0203125 0.0265625
2 0.5765625 0.73984375 0.0171875 0.025
2 0.6453125 0.80546875 0.01875 0.03125
2 0.52109375 0.6859375 0.0171875 0.025
2 0.528125 0.64140625 0.021875 0.0265625
2 0.5484375 0.678125 0.01875 0.0265625
2 0.62734375 0.68203125 0.0125 0.025
2 0.63828125 0.6953125 0.0109375 0.0203125
2 0.65625 0.3984375 0.0140625 0.021875
2 0.86953125 0.23359375 0.0171875 0.0234375
2 0.828125 0.26015625 0.0203125 0.028125
2 0.70625 0.36015625 0.021875 0.03125
2 0.73671875 0.1796875 0.0125 0.0203125
2 0.71875 0.7359375 0.0265625 0.0375
2 0.8140625 0.834375 0.01875 0.025
2 0.84296875 0.83359375 0.015625 0.021875
2 0.84765625 0.80078125 0.015625 0.025
2 0.8375 0.75234375 0.015625 0.0234375
2 0.871875 0.80625 0.015625 0.0203125
2 0.88515625 0.7703125 0.0171875 0.021875
2 0.9046875 0.7390625 0.0140625 0.0203125
2 0.82734375 0.53671875 0.0171875 0.0203125
2 0.721875 0.46484375 0.01875 0.025
2 0.853125 0.6203125 0.015625 0.025
2 0.86796875 0.6203125 0.01875 0.021875
2 0.85703125 0.64140625 0.01875 0.021875
2 0.8171875 0.45390625 0.021875 0.028125
2 0.8390625 0.42109375 0.0203125 0.025
2 0.81640625 0.3828125 0.0234375 0.0296875
2 0.87421875 0.5109375 0.0140625 0.028125
2 0.8890625 0.51484375 0.0203125 0.0203125
2 0.878125 0.33984375 0.0234375 0.028125
2 0.87109375 0.37890625 0.0203125 0.025
2 0.92578125 0.3765625 0.0234375 0.028125
2 0.97734375 0.3453125 0.025 0.025
2 0.96484375 0.3 0.0203125 0.025
2 0.99140625 0.3703125 0.003125 0.00625
2 0.96328125 0.52890625 0.0046875 0.009375
2 0.984375 0.50234375 0.0046875 0.009375
2 0.95859375 0.4953125 0.00625 0.00625
2 0.97421875 0.50390625 0.00625 0.0078125
2 0.975 0.4640625 0.00625 0.009375
2 0.9609375 0.4265625 0.0046875 0.0078125
2 0.9625 0.53984375 0.0046875 0.00625
2 0.97265625 0.53828125 0.00625 0.00625