2 0.171875 0.61640625 0.04375 0.0515625
2 0.15390625 0.58828125 0.0171875 0.034375
2 0.13828125 0.67265625 0.0328125 0.0390625
2 0.06640625 0.5 0.025 0.034375
2 0.234375 0.37265625 0.0421875 0.053125
2 0.30703125 0.496875 0.021875 0.0359375
2 0.4359375 0.34921875 0.021875 0.0328125
2 0.5671875 0.75859375 0.025 0.0421875
2 0.6171875 0.79765625 0.0265625 0.0359375
2 0.75078125 0.47421875 0.034375 0.053125
2 0.78125 0.4703125 0.0265625 0.04375
2 0.840625 0.35546875 0.025 0.0390625
2 0.775 0.66328125 0.0359375 0.05
2 0.79296875 0.6734375 0.0234375 0.04375
2 0.653125 0.0078125 0.0265625 0.015625