2 0.390625 0.34453125 0.06875 0.0375
2 0.4828125 0.41171875 0.059375 0.0375
2 0.59921875 0.4 0.05625 0.03125
2 0.66015625 0.38359375 0.065625 0.034375
2 0.26171875 0.45546875 0.075 0.0390625
2 0.51796875 0.4859375 0.0625 0.028125
2 0.27734375 0.49921875 0.065625 0.021875
2 0.22109375 0.55625 0.0484375 0.025
2 0.15703125 0.55546875 0.0359375 0.028125
2 0.0546875 0.521875 0.0578125 0.0296875
2 0.69453125 0.48515625 0.059375 0.021875
2 0.72265625 0.503125 0.053125 0.025
2 0.5390625 0.5984375 0.0484375 0.0234375
2 0.4921875 0.63515625 0.053125 0.025
2 0.6296875 0.540625 0.05 0.0234375
2 0.70546875 0.6140625 0.0703125 0.03125
2 0.68984375 0.6375 0.0515625 0.0234375
2 0.79296875 0.66328125 0.046875 0.028125
2 0.82421875 0.6671875 0.04375 0.0265625
2 0.7359375 0.309375 0.0359375 0.015625
2 0.78125 0.3359375 0.0234375 0.0203125
2 0.878125 0.57109375 0.05625 0.0203125
2 0.77421875 0.53359375 0.0234375 0.0203125
2 0.30703125 0.69296875 0.0734375 0.0390625
2 0.246875 0.66171875 0.06875 0.028125
2 0.2265625 0.68125 0.05 0.028125
2 0.61875 0.6859375 0.059375 0.034375
2 0.5296875 0.759375 0.0640625 0.028125
2 0.6609375 0.78203125 0.0546875 0.03125
2 0.703125 0.8875 0.053125 0.0375
2 0.74296875 0.88515625 0.0578125 0.034375
2 0.3359375 0.8859375 0.0578125 0.034375
2 0.64453125 0.97890625 0.05625 0.034375
2 0.04140625 0.85859375 0.0734375 0.0484375
2 0.2625 0.865625 0.0328125 0.028125