2 0.14296875 0.60703125 0.0765625 0.0859375
2 0.07109375 0.11875 0.04375 0.040625
2 0.07265625 0.159375 0.0359375 0.046875
2 0.1265625 0.10234375 0.0734375 0.0921875
2 0.09453125 0.015625 0.0546875 0.03125
2 0.1921875 0.02890625 0.059375 0.0578125
2 0.18125 0.04375 0.0671875 0.0546875
2 0.234375 0.03046875 0.0578125 0.0609375
2 0.2484375 0.1109375 0.05625 0.071875
2 0.253125 0.45703125 0.046875 0.071875
2 0.3953125 0.49921875 0.0359375 0.05
2 0.26171875 0.6890625 0.046875 0.059375
2 0.353125 0.35546875 0.0296875 0.0375
2 0.42734375 0.34140625 0.034375 0.0328125
2 0.39296875 0.41640625 0.0296875 0.0421875
2 0.4421875 0.425 0.028125 0.0390625
2 0.54765625 0.8140625 0.05 0.071875
2 0.57109375 0.68984375 0.040625 0.06875
2 0.6109375 0.62890625 0.053125 0.0859375
2 0.8890625 0.5421875 0.0421875 0.05625
2 0.97578125 0.53359375 0.0484375 0.08125
2 0.9125 0.425 0.046875 0.059375
2 0.86484375 0.3609375 0.0359375 0.0453125
2 0.84609375 0.33671875 0.0265625 0.034375
2 0.83515625 0.40390625 0.0328125 0.040625
2 0.7140625 0.41640625 0.028125 0.025
2 0.99140625 0.23828125 0.0171875 0.04375
2 0.990625 0.19609375 0.01875 0.040625
2 0.978125 0.16171875 0.034375 0.040625
2 0.9671875 0.1 0.034375 0.059375
2 0.9859375 0.08828125 0.028125 0.0828125
2 0.896875 0.1859375 0.0390625 0.04375
2 0.8875 0.2203125 0.034375 0.028125
2 0.8984375 0.11796875 0.0203125 0.0390625
2 0.87734375 0.1484375 0.025 0.040625
2 0.78671875 0.32578125 0.025 0.0375
2 0.6453125 0.24296875 0.0296875 0.046875
2 0.65 0.19375 0.0265625 0.0328125
2 0.68125 0.1703125 0.028125 0.05625
2 0.421875 0.05546875 0.05 0.0703125
2 0.37734375 0.14609375 0.0328125 0.0484375
2 0.09296875 0.2890625 0.046875 0.04375
2 0.496875 0.11171875 0.0484375 0.0765625
2 0.5265625 0.1109375 0.04375 0.059375
2 0.40546875 0.29453125 0.015625 0.028125
2 0.49921875 0.471875 0.0390625 0.06875
2 0.54609375 0.43125 0.0484375 0.0703125
2 0.58515625 0.50546875 0.0359375 0.040625
2 0.5890625 0.43046875 0.03125 0.0375
2 0.56328125 0.36640625 0.046875 0.053125
2 0.52265625 0.365625 0.05 0.05
2 0.515625 0.3234375 0.0484375 0.0546875
2 0.52109375 0.275 0.0328125 0.053125
2 0.5609375 0.31953125 0.04375 0.05
2 0.66171875 0.83046875 0.0359375 0.059375
2 0.74375 0.88125 0.0515625 0.0625
2 0.7421875 0.2234375 0.034375 0.0609375
2 0.76953125 0.2234375 0.0375 0.0421875
2 0.81640625 0.2671875 0.053125 0.040625
2 0.8296875 0.234375 0.0375 0.0453125
2 0.80703125 0.215625 0.0421875 0.0625