2 0.4578125 0.05859375 0.0484375 0.03125
2 0.02890625 0.08671875 0.0578125 0.0453125
2 0.19609375 0.1015625 0.0453125 0.028125
2 0.33359375 0.0375 0.021875 0.0125
2 0.35703125 0.21640625 0.0703125 0.0453125
2 0.64609375 0.28515625 0.071875 0.0359375
2 0.71171875 0.32421875 0.0546875 0.0328125
2 0.46875 0.2953125 0.0625 0.0234375
2 0.303125 0.38671875 0.05625 0.021875
2 0.1078125 0.40859375 0.0515625 0.021875
2 0.41640625 0.45 0.071875 0.0359375
2 0.0875 0.48828125 0.046875 0.0234375
2 0.15390625 0.48203125 0.05625 0.021875
2 0.67109375 0.51328125 0.034375 0.028125
2 0.55078125 0.5984375 0.05 0.028125
2 0.29765625 0.58828125 0.04375 0.01875
2 0.778125 0.421875 0.0296875 0.015625
2 0.80078125 0.72578125 0.04375 0.0234375
2 0.50625 0.69140625 0.065625 0.04375