2 0.49140625 0.48515625 0.0171875 0.021875
2 0.528125 0.53671875 0.0171875 0.0234375
2 0.590625 0.4359375 0.01875 0.0265625
2 0.5984375 0.3578125 0.0140625 0.021875
2 0.54140625 0.35 0.015625 0.0171875
2 0.53125 0.36015625 0.015625 0.0203125
2 0.54609375 0.365625 0.0109375 0.015625
2 0.475 0.36796875 0.0140625 0.0234375
2 0.46171875 0.3828125 0.0171875 0.021875
2 0.43125 0.38671875 0.0140625 0.021875
2 0.38046875 0.4171875 0.015625 0.0234375
2 0.43671875 0.48515625 0.0140625 0.01875
2 0.45390625 0.50390625 0.0140625 0.0171875
2 0.45859375 0.55625 0.015625 0.0140625
2 0.4328125 0.53671875 0.015625 0.015625
2 0.43125 0.559375 0.0140625 0.0171875
2 0.35 0.63359375 0.015625 0.01875
2 0.58828125 0.54921875 0.009375 0.0203125
2 0.6015625 0.56328125 0.015625 0.0203125
2 0.59296875 0.5 0.0125 0.0125
2 0.6265625 0.4921875 0.0125 0.015625
2 0.628125 0.34609375 0.0125 0.0203125
2 0.64765625 0.3671875 0.0125 0.01875
2 0.653125 0.3484375 0.015625 0.015625
2 0.7390625 0.2390625 0.0125 0.0203125
2 0.6828125 0.178125 0.0140625 0.0171875
2 0.71875 0.3578125 0.0125 0.0203125
2 0.73515625 0.3734375 0.0078125 0.015625
2 0.77109375 0.41015625 0.0125 0.01875
2 0.8125 0.3140625 0.015625 0.0171875
2 0.80546875 0.1140625 0.0125 0.015625
2 0.53984375 0.1 0.015625 0.021875
2 0.8328125 0.66484375 0.0203125 0.0234375
2 0.746875 0.6625 0.0171875 0.025
2 0.81953125 0.6484375 0.0109375 0.0078125
2 0.76015625 0.7578125 0.0203125 0.0265625
2 0.81640625 0.77578125 0.015625 0.0203125
2 0.809375 0.7984375 0.015625 0.01875
2 0.84140625 0.83359375 0.015625 0.021875
2 0.75625 0.840625 0.0171875 0.021875
2 0.76640625 0.84375 0.0078125 0.0171875
2 0.78125 0.85 0.0140625 0.01875
2 0.796875 0.846875 0.0171875 0.0203125
2 0.79453125 0.865625 0.0125 0.01875
2 0.66328125 0.8125 0.0171875 0.0234375
2 0.65234375 0.82890625 0.0140625 0.021875
2 0.6859375 0.78828125 0.0171875 0.0203125
2 0.58046875 0.74453125 0.01875 0.0234375
2 0.58828125 0.78203125 0.0171875 0.021875
2 0.6328125 0.92890625 0.01875 0.0234375
2 0.6625 0.94921875 0.0171875 0.0265625
2 0.69375 0.95859375 0.0171875 0.028125
2 0.371875 0.903125 0.01875 0.025
2 0.33125 0.74453125 0.0140625 0.0234375
2 0.234375 0.87421875 0.01875 0.0265625
2 0.16171875 0.4015625 0.009375 0.015625
2 0.2609375 0.3921875 0.0140625 0.021875
2 0.30625 0.37890625 0.015625 0.01875
2 0.353125 0.346875 0.0125 0.015625
2 0.28203125 0.184375 0.0140625 0.0140625
2 0.31953125 0.17890625 0.0125 0.01875
2 0.1875 0.26171875 0.015625 0.01875
2 0.209375 0.25078125 0.0109375 0.0140625
2 0.04765625 0.475 0.0125 0.0140625
2 0.06484375 0.421875 0.0125 0.0125
2 0.0765625 0.328125 0.0109375 0.0140625
2 0.06328125 0.346875 0.0125 0.0125
2 0.01953125 0.30859375 0.0109375 0.0109375