2 0.28984375 0.49453125 0.0140625 0.021875
2 0.24140625 0.434375 0.01875 0.0203125
2 0.24609375 0.359375 0.0109375 0.015625
2 0.22109375 0.459375 0.0125 0.015625
2 0.22109375 0.4734375 0.0109375 0.015625
2 0.29609375 0.43828125 0.0125 0.0140625
2 0.28515625 0.475 0.0140625 0.015625
2 0.33359375 0.46015625 0.025 0.0375
2 0.3546875 0.434375 0.0296875 0.0359375
2 0.35859375 0.48671875 0.0375 0.0484375
2 0.40234375 0.490625 0.034375 0.0421875
2 0.4546875 0.51015625 0.040625 0.0515625
2 0.47578125 0.38984375 0.0390625 0.0484375
2 0.4234375 0.5734375 0.028125 0.0390625
2 0.4140625 0.52734375 0.0234375 0.0375
2 0.3125 0.6625 0.0234375 0.0359375
2 0.3390625 0.684375 0.034375 0.0421875
2 0.33984375 0.7234375 0.028125 0.0421875
2 0.3890625 0.71015625 0.0328125 0.0515625
2 0.56328125 0.64609375 0.0234375 0.05
2 0.51953125 0.6609375 0.0328125 0.053125
2 0.6078125 0.7796875 0.040625 0.0578125
2 0.6328125 0.59375 0.05 0.0796875
2 0.65625 0.8609375 0.05625 0.078125
2 0.6921875 0.9671875 0.0546875 0.065625
2 0.73046875 0.90703125 0.034375 0.075
2 0.828125 0.446875 0.075 0.1015625
2 0.69765625 0.32578125 0.0484375 0.0609375
2 0.58828125 0.2921875 0.1125 0.1578125
2 0.33125 0.21953125 0.015625 0.01875
2 0.2859375 0.20078125 0.0109375 0.0171875
2 0.2765625 0.2 0.0078125 0.0125
2 0.2765625 0.1859375 0.0109375 0.015625
2 0.24375 0.21953125 0.0125 0.015625
2 0.2171875 0.22734375 0.0125 0.0140625
2 0.21484375 0.25 0.0125 0.015625
2 0.25625 0.246875 0.0109375 0.0140625
2 0.2359375 0.27890625 0.0109375 0.0140625
2 0.25 0.2578125 0.0078125 0.0140625
2 0.2625 0.25625 0.0109375 0.0125
2 0.26796875 0.29609375 0.0109375 0.0140625
2 0.29453125 0.3234375 0.0078125 0.015625
2 0.26484375 0.328125 0.009375 0.015625
2 0.0703125 0.3171875 0.009375 0.0078125
2 0.06171875 0.29453125 0.00625 0.0109375
2 0.05234375 0.2625 0.0078125 0.009375
2 0.0328125 0.234375 0.0109375 0.0109375
2 0.1875 0.22421875 0.009375 0.0109375
2 0.159375 0.23125 0.009375 0.0078125
2 0.2078125 0.2046875 0.0078125 0.0109375