2 0.6984375 0.12734375 0.0390625 0.0578125
2 0.68203125 0.26953125 0.040625 0.0515625
2 0.646875 0.31640625 0.0390625 0.0484375
2 0.66484375 0.2796875 0.0390625 0.053125
2 0.1296875 0.8796875 0.071875 0.0859375
2 0.07578125 0.94453125 0.053125 0.0734375
2 0.0234375 0.50625 0.046875 0.1
2 0.30625 0.1640625 0.040625 0.0515625
2 0.359375 0.0234375 0.0390625 0.046875
2 0.4078125 0.2921875 0.0328125 0.0359375
2 0.41171875 0.3703125 0.021875 0.0296875
2 0.30625 0.5734375 0.0296875 0.034375
2 0.33359375 0.51484375 0.0296875 0.0296875
2 0.2640625 0.584375 0.021875 0.03125
2 0.1296875 0.6796875 0.065625 0.0734375
2 0.684375 0.9171875 0.0265625 0.0359375
2 0.671875 0.8328125 0.0171875 0.0296875
2 0.65546875 0.75703125 0.025 0.034375
2 0.6296875 0.7546875 0.015625 0.0296875
2 0.66328125 0.9671875 0.0203125 0.028125
2 0.684375 0.9640625 0.0203125 0.0296875
2 0.46171875 0.525 0.025 0.025
2 0.4796875 0.5359375 0.028125 0.0265625
2 0.48125 0.5578125 0.0265625 0.0328125
2 0.53515625 0.61953125 0.01875 0.028125
2 0.528125 0.48046875 0.015625 0.021875
2 0.528125 0.5046875 0.015625 0.0203125
2 0.50703125 0.5203125 0.0140625 0.0234375
2 0.50078125 0.4671875 0.021875 0.0296875
2 0.5546875 0.4234375 0.0171875 0.0296875
2 0.60078125 0.5125 0.025 0.025
2 0.58984375 0.48828125 0.0234375 0.021875
2 0.5765625 0.46015625 0.01875 0.0234375
2 0.5765625 0.42265625 0.0171875 0.025
2 0.59453125 0.4390625 0.0234375 0.0265625
2 0.14140625 0.13046875 0.034375 0.059375
2 0.3359375 0.5609375 0.0265625 0.03125
2 0.2765625 0.46015625 0.0203125 0.025