2 0.29765625 0.009375 0.0140625 0.01875
2 0.38515625 0.05625 0.0296875 0.0375
2 0.04296875 0.12734375 0.0203125 0.0359375
2 0.05703125 0.14765625 0.025 0.03125
2 0.10625 0.16484375 0.0203125 0.0296875
2 0.0765625 0.28359375 0.0296875 0.0390625
2 0.0484375 0.37109375 0.0265625 0.0421875
2 0.009375 0.465625 0.01875 0.0296875
2 0.01171875 0.6234375 0.0234375 0.04375
2 0.04375 0.5671875 0.028125 0.0234375
2 0.059375 0.64296875 0.028125 0.0453125
2 0.08359375 0.66015625 0.028125 0.0390625
2 0.08203125 0.76171875 0.03125 0.05
2 0.14453125 0.7109375 0.0328125 0.0421875
2 0.1640625 0.67265625 0.0265625 0.028125
2 0.04921875 0.91875 0.034375 0.046875
2 0.01328125 0.92734375 0.0265625 0.0546875
2 0.23671875 0.6625 0.0359375 0.046875
2 0.215625 0.5921875 0.0375 0.046875
2 0.1421875 0.59453125 0.0296875 0.04375
2 0.11796875 0.55625 0.0265625 0.0359375
2 0.19609375 0.37421875 0.025 0.04375
2 0.25 0.38359375 0.0328125 0.0515625
2 0.2234375 0.38984375 0.021875 0.0390625
2 0.2421875 0.43828125 0.025 0.034375
2 0.159375 0.425 0.025 0.0375
2 0.10546875 0.41953125 0.0296875 0.0359375
2 0.08515625 0.4625 0.0265625 0.0390625
2 0.11328125 0.48125 0.025 0.0375
2 0.153125 0.51484375 0.0265625 0.0375
2 0.1375 0.47265625 0.0296875 0.0359375
2 0.1296875 0.43828125 0.0328125 0.0421875
2 0.29453125 0.2609375 0.03125 0.046875
2 0.3296875 0.0125 0.0203125 0.025
2 0.35390625 0.259375 0.028125 0.0453125
2 0.32890625 0.29453125 0.025 0.0296875
2 0.31640625 0.34375 0.0296875 0.0328125
2 0.384375 0.3421875 0.0296875 0.040625
2 0.41875 0.2328125 0.0375 0.0453125
2 0.38671875 0.17421875 0.0265625 0.0390625
2 0.565625 0.240625 0.0296875 0.046875
2 0.684375 0.065625 0.0265625 0.0375
2 0.70546875 0.03125 0.028125 0.0453125
2 0.453125 0.32265625 0.0359375 0.046875
2 0.421875 0.36015625 0.0328125 0.046875
2 0.4078125 0.4859375 0.03125 0.0375
2 0.3109375 0.97109375 0.0265625 0.0375
2 0.36796875 0.76171875 0.021875 0.0234375
2 0.41640625 0.5296875 0.0265625 0.0421875
2 0.440625 0.540625 0.0328125 0.05625
2 0.42578125 0.646875 0.015625 0.0203125
2 0.41875 0.7125 0.0203125 0.0421875
2 0.44375 0.8203125 0.025 0.0328125
2 0.48359375 0.875 0.021875 0.034375
2 0.4625 0.978125 0.03125 0.0390625
2 0.48671875 0.984375 0.028125 0.03125
2 0.4609375 0.78125 0.0296875 0.0453125
2 0.45 0.67421875 0.025 0.0390625
2 0.4640625 0.65625 0.028125 0.0375
2 0.46875 0.60234375 0.0234375 0.034375
2 0.47265625 0.57265625 0.01875 0.0359375
2 0.48984375 0.56796875 0.028125 0.0421875
2 0.52109375 0.5796875 0.028125 0.040625
2 0.51796875 0.53828125 0.0265625 0.03125
2 0.4765625 0.47578125 0.0203125 0.0296875
2 0.5046875 0.4546875 0.0234375 0.040625
2 0.534375 0.4765625 0.034375 0.0359375
2 0.50234375 0.50703125 0.021875 0.0359375
2 0.62734375 0.834375 0.028125 0.040625
2 0.63828125 0.878125 0.0359375 0.0453125
2 0.66171875 0.83671875 0.0234375 0.053125
2 0.6796875 0.85625 0.0203125 0.0484375
2 0.70625 0.84140625 0.028125 0.0484375
2 0.6984375 0.86484375 0.0234375 0.046875
2 0.66875 0.984375 0.04375 0.03125
2 0.721875 0.77734375 0.034375 0.05
2 0.70390625 0.24296875 0.0359375 0.05
2 0.65 0.26171875 0.028125 0.0375
2 0.64453125 0.33828125 0.0328125 0.0515625
2 0.6296875 0.46328125 0.034375 0.046875
2 0.6 0.4171875 0.0265625 0.025
2 0.67421875 0.47109375 0.0359375 0.046875
2 0.746875 0.440625 0.03125 0.0453125
2 0.69921875 0.459375 0.0203125 0.028125
2 0.775 0.1078125 0.028125 0.0453125
2 0.85546875 0.1625 0.0265625 0.04375
2 0.81796875 0.115625 0.015625 0.0265625
2 0.8671875 0.37578125 0.025 0.0375
2 0.90234375 0.43828125 0.021875 0.0359375
2 0.92421875 0.428125 0.028125 0.040625
2 0.89453125 0.4890625 0.021875 0.0359375
2 0.94609375 0.503125 0.0328125 0.0390625
2 0.9671875 0.42109375 0.028125 0.046875
2 0.9875 0.428125 0.025 0.053125
2 0.796875 0.58203125 0.0328125 0.04375
2 0.828125 0.68125 0.0296875 0.0421875
2 0.91328125 0.66015625 0.0375 0.046875
2 0.828125 0.88125 0.0359375 0.053125
2 0.86171875 0.8953125 0.0375 0.046875
2 0.95234375 0.92265625 0.0375 0.04375