2 0.23828125 0.3125 0.0296875 0.0359375
2 0.15625 0.32109375 0.0328125 0.0390625
2 0.38984375 0.54140625 0.03125 0.0359375
2 0.40078125 0.4078125 0.0265625 0.0328125
2 0.5890625 0.89375 0.0234375 0.034375
2 0.6015625 0.84921875 0.0234375 0.034375
2 0.63203125 0.875 0.0203125 0.0375
2 0.85390625 0.72890625 0.021875 0.0328125
2 0.84765625 0.759375 0.028125 0.034375
2 0.6640625 0.59375 0.0296875 0.04375
2 0.56328125 0.684375 0.0140625 0.0203125
2 0.415625 0.90546875 0.0234375 0.034375
2 0.578125 0.19140625 0.0296875 0.0296875
2 0.28515625 0.56328125 0.0296875 0.0234375
2 0.73984375 0.59140625 0.0328125 0.0390625
2 0.71015625 0.51015625 0.025 0.0515625
2 0.55390625 0.6625 0.021875 0.0265625
2 0.98671875 0.51640625 0.021875 0.0234375
2 0.975 0.43515625 0.015625 0.028125
2 0.9859375 0.44453125 0.01875 0.0234375
2 0.96328125 0.3625 0.025 0.0328125
2 0.8953125 0.3265625 0.0140625 0.015625
2 0.8734375 0.4328125 0.0125 0.0171875
2 0.878125 0.50078125 0.0171875 0.0109375
2 0.87109375 0.4890625 0.0171875 0.01875
2 0.8421875 0.5078125 0.015625 0.0203125
2 0.83203125 0.5078125 0.0125 0.0140625
2 0.975 0.28984375 0.015625 0.0171875
2 0.98125 0.278125 0.0109375 0.015625
2 0.88203125 0.2765625 0.015625 0.015625
2 0.89296875 0.29765625 0.0125 0.015625
2 0.82421875 0.41484375 0.0140625 0.015625
2 0.79609375 0.2875 0.0109375 0.015625
2 0.83046875 0.25859375 0.009375 0.0109375
2 0.85 0.2765625 0.0125 0.0140625
2 0.88671875 0.18515625 0.0109375 0.0140625
2 0.96484375 0.5859375 0.015625 0.0171875
2 0.94765625 0.57890625 0.0125 0.01875
2 0.88671875 0.54375 0.0140625 0.0171875
2 0.87265625 0.5421875 0.0140625 0.0203125
2 0.884375 0.5671875 0.009375 0.0109375
2 0.8953125 0.565625 0.015625 0.015625
2 0.8828125 0.55625 0.0140625 0.0078125
2 0.9453125 0.54453125 0.0125 0.0125
2 0.99140625 0.39375 0.0171875 0.01875
2 0.95 0.2765625 0.0125 0.021875
2 0.78515625 0.3140625 0.0078125 0.0078125
2 0.81015625 0.45625 0.0125 0.0109375
2 0.11640625 0.340625 0.01875 0.021875
2 0.009375 0.44296875 0.0140625 0.01875
2 0.01796875 0.4375 0.0171875 0.0109375
2 0.21171875 0.39375 0.0171875 0.0265625
2 0.17890625 0.409375 0.0125 0.0140625