2 0.5359375 0.671875 0.0109375 0.0125
2 0.5359375 0.5984375 0.009375 0.0125
2 0.54375 0.61640625 0.015625 0.015625
2 0.503125 0.596875 0.009375 0.0109375
2 0.4875 0.5765625 0.009375 0.0140625
2 0.54140625 0.46796875 0.0109375 0.0109375
2 0.6640625 0.47890625 0.0078125 0.015625
2 0.56484375 0.33515625 0.0078125 0.0125
2 0.4046875 0.44140625 0.0109375 0.0140625
2 0.35390625 0.49296875 0.0078125 0.0109375
2 0.32890625 0.50546875 0.00625 0.0109375
2 0.5828125 0.69453125 0.0078125 0.009375
2 0.6125 0.70546875 0.0078125 0.0109375
2 0.6140625 0.67421875 0.0078125 0.009375
2 0.63203125 0.553125 0.0078125 0.0125
2 0.61484375 0.37578125 0.0109375 0.0140625
2 0.64375 0.3609375 0.0078125 0.0140625
2 0.66640625 0.37734375 0.0078125 0.0125
2 0.66796875 0.41171875 0.009375 0.009375
2 0.5015625 0.63046875 0.009375 0.009375
2 0.47890625 0.35078125 0.0078125 0.0078125
2 0.43515625 0.6671875 0.009375 0.0109375
2 0.53515625 0.67109375 0.0109375 0.0109375
2 0.53046875 0.66015625 0.0078125 0.0109375
2 0.5125 0.471875 0.009375 0.0125
2 0.95 0.41171875 0.0109375 0.0109375
2 0.99375 0.45625 0.0109375 0.015625
2 0.8953125 0.68125 0.0109375 0.015625
2 0.9453125 0.665625 0.0109375 0.0109375
2 0.95234375 0.659375 0.0125 0.0125
2 0.93828125 0.5984375 0.0078125 0.015625
2 0.903125 0.578125 0.0125 0.0125
2 0.846875 0.60625 0.0125 0.015625
2 0.63515625 0.57734375 0.0078125 0.0109375
2 0.6390625 0.58828125 0.0078125 0.0109375
2 0.6609375 0.57578125 0.00625 0.0046875
2 0.85859375 0.51015625 0.0078125 0.009375
2 0.85546875 0.496875 0.009375 0.0140625
2 0.84296875 0.65546875 0.009375 0.0078125
2 0.846875 0.67421875 0.009375 0.0109375
2 0.8484375 0.69296875 0.009375 0.0109375
2 0.94453125 0.6765625 0.0109375 0.0125
2 0.73046875 0.50390625 0.00625 0.0078125
2 0.7671875 0.52890625 0.003125 0.0078125
2 0.7 0.5375 0.0046875 0.0078125
2 0.68359375 0.52421875 0.00625 0.0078125
2 0.721875 0.48671875 0.0046875 0.0078125
2 0.71953125 0.49296875 0.0046875 0.00625
2 0.70390625 0.47890625 0.0046875 0.0078125
2 0.709375 0.59609375 0.0046875 0.0078125
2 0.59375 0.64453125 0.009375 0.0109375
2 0.58359375 0.62265625 0.009375 0.0125
2 0.5765625 0.64140625 0.009375 0.0125
2 0.571875 0.6734375 0.0109375 0.0125
2 0.55 0.54765625 0.009375 0.0125
2 0.53984375 0.51796875 0.0078125 0.0109375
2 0.55859375 0.521875 0.0109375 0.0125