2 0.59140625 0.3265625 0.0390625 0.0203125
2 0.44453125 0.37109375 0.0328125 0.0203125
2 0.2125 0.45625 0.0515625 0.028125
2 0.58984375 0.43046875 0.034375 0.015625
2 0.61640625 0.48671875 0.0390625 0.021875
2 0.7375 0.46796875 0.04375 0.01875
2 0.6828125 0.5515625 0.0546875 0.0296875
2 0.57578125 0.52578125 0.028125 0.015625
2 0.33359375 0.53515625 0.03125 0.0140625
2 0.44140625 0.64453125 0.034375 0.0265625
2 0.7 0.56796875 0.0359375 0.021875
2 0.64765625 0.56328125 0.0265625 0.015625
2 0.209375 0.64140625 0.040625 0.0359375
2 0.975 0.75390625 0.0359375 0.0234375
2 0.38984375 0.98828125 0.0671875 0.0234375
2 0.33671875 0.9375 0.0390625 0.03125
2 0.1734375 0.940625 0.046875 0.0171875
2 0.11640625 0.915625 0.04375 0.01875
2 0.3421875 0.9796875 0.0375 0.040625