2 0.18671875 0.28125 0.175 0.278125
2 0.05703125 0.278125 0.1140625 0.290625
2 0.1015625 0.60625 0.125 0.2421875
2 0.37734375 0.55390625 0.1171875 0.1703125
2 0.3484375 0.67578125 0.1 0.146875
2 0.696875 0.52578125 0.1265625 0.1828125
2 0.47890625 0.41953125 0.09375 0.1328125
2 0.4484375 0.28984375 0.103125 0.1453125
2 0.3171875 0.3140625 0.0890625 0.115625
2 0.4359375 0.7890625 0.11875 0.1578125
2 0.55390625 0.7390625 0.1296875 0.1921875
2 0.6171875 0.7921875 0.1171875 0.1796875
2 0.6375 0.88828125 0.1546875 0.2078125
2 0.775 0.7703125 0.1203125 0.159375
2 0.77890625 0.91171875 0.13125 0.1765625
2 0.88125 0.78984375 0.1140625 0.1890625
2 0.7953125 0.5046875 0.109375 0.1828125
2 0.94765625 0.2953125 0.1046875 0.1625
2 0.15390625 0.06875 0.1203125 0.1375