2 0.5168831171875 0.40392156874999996 0.5012987015625 0.36666666718749996 0.48181818125 0.3529411765625 0.46493506562500003 0.3509803921875 0.440259740625 0.386274509375 0.43636363593749994 0.43137254843750006 0.4584415578125 0.4705882359375 0.4831168828125 0.478431371875 0.4987012984375 0.46862745156249996 0.5116883109375 0.4490196078125 0.5168831171875 0.40392156874999996
2 0.964935065625 0.3647058828125 0.977922078125 0.3529411765625 0.964935065625 0.30196078437499996 0.9792207796874999 0.2588235296875 0.9792207796874999 0.2372549015625 0.9701298703125 0.2274509796875 0.9493506500000001 0.2254901953125 0.9207792203125 0.24117647031249997 0.9103896109375 0.2568627453125 0.9025974031249999 0.29607843125 0.90649350625 0.3294117640625 0.9181818187499999 0.35490196093750004 0.9402597406250001 0.3686274515625 0.964935065625 0.3647058828125
2 0.3896103890625 0.71960784375 0.384415584375 0.6450980390625001 0.364935065625 0.6274509796875 0.3298701296875 0.621568628125 0.3142857140625 0.6313725484375 0.29870129843750004 0.6568627453125 0.3116883109375 0.715686275 0.328571428125 0.7392156859375001 0.36883116875 0.7431372546875 0.38051948125 0.7372549015625001 0.3896103890625 0.71960784375
2 0.4792207796875 0.78823529375 0.47402597343749997 0.7490196078125 0.43636363593749994 0.7294117640625 0.415584415625 0.7294117640625 0.396103896875 0.7509803921875 0.3870129875 0.7725490203125001 0.3857142859375 0.794117646875 0.3922077921875 0.8235294124999999 0.428571428125 0.8549019609374999 0.459740259375 0.8549019609374999 0.4792207796875 0.78823529375
2 0.559740259375 0.815686275 0.575324675 0.7705882359375 0.59350649375 0.7470588234375 0.5948051953125 0.7333333328125 0.5883116890625 0.705882353125 0.5740259734375 0.686274509375 0.5363636359374999 0.6725490203125 0.515584415625 0.682352940625 0.502597403125 0.701960784375 0.49350649375 0.7372549015625001 0.49350649375 0.7588235296875 0.5103896109375 0.8 0.5389610390625 0.815686275 0.559740259375 0.815686275
2 0.11558441562499999 0.6921568625 0.133766234375 0.6705882359374999 0.14935065 0.6333333328124999 0.153246753125 0.5764705875 0.1454545453125 0.5313725484375 0.1376623375 0.515686275 0.12077922031249999 0.513725490625 0.08441558437499999 0.5705882359375 0.07922077968749999 0.6313725484375 0.066233765625 0.6745098046875 0.0675324671875 0.68823529375 0.0766233765625 0.7 0.10259740312500001 0.701960784375 0.11558441562499999 0.6921568625
2 0.7 0.6039215687499999 0.7298701296875 0.58823529375 0.7454545453125 0.5686274515624999 0.7519480515625 0.5392156859375 0.74935065 0.509803921875 0.740259740625 0.478431371875 0.71948051875 0.4607843140625 0.6870129875 0.4705882359375 0.664935065625 0.46666666718750005 0.653246753125 0.48039215625000004 0.64415584375 0.5333333328125 0.6545454546875 0.5764705875 0.6636363640625 0.590196078125 0.7 0.6039215687499999
2 0.671428571875 0.9784313718750001 0.6922077921875001 0.913725490625 0.6883116890625 0.8725490203125 0.6727272734375 0.8313725484375001 0.624675325 0.8235294124999999 0.5883116890625 0.8627450984375 0.58181818125 0.886274509375 0.5844155843750001 0.9372549015624999 0.6012987015625 0.9686274515625 0.61818181875 0.982352940625 0.640259740625 0.986274509375 0.671428571875 0.9784313718750001
2 0.83116883125 0.9352941171875001 0.8324675328125 0.890196078125 0.8129870125 0.8372549015624999 0.7454545453125 0.8392156859375 0.7207792203125 0.8274509796875 0.71818181875 0.9078431374999999 0.73116883125 0.9607843140625001 0.740259740625 0.9745098046875 0.7701298703125 0.9941176468749999 0.7883116890624999 0.9941176468749999 0.8129870125 0.9784313718750001 0.83116883125 0.9352941171875001
2 0 0.45490196093749996 0.0207792203125 0.40196078437500005 0.0675324671875 0.390196078125 0.08961038906249999 0.3686274515625 0.1 0.3431372546875 0.0922077921875 0.20392156875 0.0675324671875 0.1725490203125 0.0233766234375 0.1490196078125 0.0051948046875 0.1470588234375 0 0.1490196078125 0 0.45490196093749996
2 0.2077922078125 0.38823529375 0.2519480515625 0.31960784375 0.2571428578125 0.3 0.253246753125 0.2392156859375 0.2428571421875 0.2078431375 0.2272727265625 0.184313725 0.2103896109375 0.1745098046875 0.166233765625 0.1686274515625 0.1363636359375 0.184313725 0.1103896109375 0.22941176406250002 0.1051948046875 0.33137254843749997 0.122077921875 0.35882352968750003 0.1480519484375 0.382352940625 0.19610389687500002 0.394117646875 0.2077922078125 0.38823529375
2 0.37421875 0.5640625 0.1203125 0.140625
2 0.771875 0.76484375 0.109375 0.1484375
2 0.88046875 0.7984375 0.0984375 0.153125
2 0.44765625 0.28828125 0.10625 0.1484375