2 0.209375 0.2328125 0.01875 0.0234375
2 0.0671875 0.2328125 0.0203125 0.0296875
2 0.12265625 0.32265625 0.0171875 0.0265625
2 0.709375 0.12109375 0.0203125 0.0296875
2 0.72578125 0.1375 0.021875 0.0265625
2 0.746875 0.11953125 0.0203125 0.0265625
2 0.9078125 0.2390625 0.0203125 0.0296875
2 0.04921875 0.14296875 0.0203125 0.0265625
2 0.065625 0.14453125 0.01875 0.0296875
2 0.09609375 0.11484375 0.0203125 0.0296875
2 0.040625 0.06796875 0.0171875 0.0296875
2 0.1828125 0.13125 0.015625 0.0265625
2 0.228125 0.22890625 0.015625 0.0265625
2 0.1921875 0.21953125 0.015625 0.0265625
2 0.4078125 0.259375 0.0140625 0.0171875
2 0.39765625 0.22421875 0.0140625 0.01875
2 0.16171875 0.06640625 0.0140625 0.0265625
2 0.36171875 0.13984375 0.0078125 0.0140625
2 0.35390625 0.1375 0.0078125 0.0140625
2 0.3359375 0.16640625 0.0078125 0.015625
2 0.625 0.27578125 0.015625 0.0265625
2 0.64453125 0.290625 0.015625 0.0265625
2 0.74296875 0.5265625 0.0203125 0.0328125
2 0.66796875 0.5796875 0.015625 0.0265625
2 0.809375 0.54453125 0.015625 0.0265625
2 0.7734375 0.603125 0.01875 0.0265625
2 0.759375 0.65625 0.0109375 0.0265625
2 0.77734375 0.66484375 0.0140625 0.0265625
2 0.76953125 0.6875 0.01875 0.0234375
2 0.69453125 0.634375 0.0140625 0.01875
2 0.70703125 0.67265625 0.015625 0.01875
2 0.73046875 0.7171875 0.015625 0.0234375
2 0.753125 0.6046875 0.01875 0.0234375
2 0.88515625 0.625 0.01875 0.0234375
2 0.709375 0.22109375 0.015625 0.0234375
2 0.665625 0.18125 0.015625 0.0265625
2 0.67578125 0.1328125 0.015625 0.0234375
2 0.67421875 0.153125 0.015625 0.0171875
2 0.63984375 0.19140625 0.0140625 0.01875
2 0.67578125 0.309375 0.015625 0.0234375
2 0.8484375 0.2578125 0.015625 0.0265625
2 0.97578125 0.05 0.01875 0.0296875
2 0.9890625 0.0578125 0.01875 0.0265625
2 0.79765625 0.00859375 0.0171875 0.0171875
2 0.959375 0.4265625 0.021875 0.0328125
2 0.98359375 0.35390625 0.01875 0.0234375
2 0.88515625 0.3484375 0.01875 0.0296875
2 0.85234375 0.32734375 0.0125 0.01875
2 0.93515625 0.5765625 0.015625 0.0265625
2 0.834375 0.54609375 0.01875 0.0296875
2 0.91171875 0.66484375 0.015625 0.0265625
2 0.9078125 0.6375 0.0125 0.01875
2 0.90078125 0.678125 0.0140625 0.01875
2 0.87890625 0.64609375 0.01875 0.01875
2 0.90859375 0.57265625 0.0140625 0.0234375
2 0.83515625 0.5796875 0.015625 0.0265625
2 0.8171875 0.578125 0.0078125 0.01875
2 0.79140625 0.5796875 0.015625 0.015625
2 0.8046875 0.77265625 0.021875 0.0234375
2 0.8140625 0.84921875 0.01875 0.01875
2 0.85 0.88359375 0.0140625 0.0203125
2 0.86640625 0.88203125 0.0125 0.0234375
2 0.815625 0.915625 0.015625 0.0265625
2 0.7703125 0.77578125 0.0125 0.01875
2 0.953125 0.0765625 0.0203125 0.0234375
2 0.9921875 0.14453125 0.015625 0.0296875
2 0.80390625 0.1046875 0.0125 0.0203125
2 0.93984375 0.2171875 0.01875 0.0265625
2 0.63828125 0.346875 0.0078125 0.015625
2 0.634375 0.5734375 0.0078125 0.015625
2 0.65 0.559375 0.0125 0.0203125
2 0.66015625 0.55 0.0125 0.0203125
2 0.815625 0.79609375 0.0125 0.01875
2 0.92734375 0.98359375 0.015625 0.0203125
2 0.92890625 0.67109375 0.0203125 0.0203125
2 0.95703125 0.63125 0.015625 0.0234375
2 0.87890625 0.43203125 0.01875 0.0265625
2 0.925 0.4265625 0.015625 0.0265625
2 0.33671875 0.078125 0.0109375 0.0203125
2 0.22578125 0.084375 0.0125 0.0265625
2 0.26328125 0.234375 0.015625 0.0265625
2 0.2609375 0.2859375 0.0125 0.01875
2 0.2375 0.284375 0.0125 0.015625
2 0.12890625 0.3421875 0.01875 0.0234375
2 0.11015625 0.32890625 0.015625 0.0265625
2 0.05078125 0.36015625 0.015625 0.0234375
2 0.05625 0.46484375 0.0171875 0.0265625
2 0.14375 0.46171875 0.0203125 0.0265625
2 0.22421875 0.55 0.0125 0.0203125
2 0.2265625 0.37890625 0.0109375 0.0203125
2 0.24296875 0.390625 0.0109375 0.015625
2 0.26796875 0.346875 0.0140625 0.0265625
2 0.31015625 0.3359375 0.0125 0.01875
2 0.40390625 0.27890625 0.009375 0.015625
2 0.43515625 0.2953125 0.0109375 0.0171875
2 0.43828125 0.3109375 0.0078125 0.015625
2 0.45703125 0.3140625 0.0109375 0.015625
2 0.403125 0.45859375 0.0125 0.015625
2 0.43828125 0.3921875 0.0078125 0.0125
2 0.44140625 0.40390625 0.0109375 0.0125
2 0.42109375 0.43828125 0.0109375 0.015625
2 0.43203125 0.45859375 0.0125 0.015625
2 0.1140625 0.1609375 0.0203125 0.0265625
2 0.090625 0.20625 0.0125 0.0234375
2 0.18203125 0.4 0.0171875 0.015625
2 0.1296875 0.3703125 0.015625 0.0265625
2 0.11015625 0.43046875 0.015625 0.0234375
2 0.325 0.32890625 0.0109375 0.015625
2 0.30546875 0.1609375 0.0140625 0.0140625
2 0.321875 0.421875 0.0125 0.01875
2 0.3234375 0.37890625 0.0109375 0.015625
2 0.32734375 0.4 0.0109375 0.015625
2 0.278125 0.40390625 0.0109375 0.0125
2 0.3234375 0.45703125 0.0109375 0.01875
2 0.37421875 0.43359375 0.0109375 0.0125
2 0.10390625 0.5796875 0.015625 0.0265625
2 0.1328125 0.5546875 0.0140625 0.0234375
2 0.1671875 0.59140625 0.015625 0.0265625
2 0.1796875 0.709375 0.021875 0.0203125
2 0.21796875 0.715625 0.0125 0.015625
2 0.2359375 0.7421875 0.0078125 0.015625
2 0.22421875 0.525 0.0125 0.01875
2 0.23671875 0.49140625 0.0140625 0.015625
2 0.26640625 0.5046875 0.0140625 0.01875
2 0.259375 0.5265625 0.0125 0.015625
2 0.30546875 0.49375 0.0109375 0.015625
2 0.3140625 0.496875 0.0078125 0.015625
2 0.3359375 0.49140625 0.0078125 0.015625
2 0.34609375 0.5 0.0078125 0.015625
2 0.3859375 0.4953125 0.0109375 0.0125
2 0.38515625 0.37734375 0.0125 0.0171875
2 0.40078125 0.3421875 0.0078125 0.0125
2 0.35 0.3890625 0.0078125 0.0125
2 0.35234375 0.6375 0.0109375 0.01875
2 0.28671875 0.64453125 0.0125 0.015625
2 0.08359375 0.7859375 0.021875 0.0265625
2 0.125 0.84921875 0.0140625 0.0296875
2 0.209375 0.85390625 0.0109375 0.015625
2 0.21484375 0.8484375 0.0109375 0.015625
2 0.29375 0.7921875 0.0109375 0.015625
2 0.315625 0.82578125 0.0109375 0.0125
2 0.30859375 0.821875 0.0078125 0.015625
2 0.29765625 0.846875 0.00625 0.0125
2 0.3046875 0.83359375 0.0078125 0.009375
2 0.3140625 0.74765625 0.0078125 0.015625
2 0.25625 0.66484375 0.009375 0.015625
2 0.2375 0.65625 0.0125 0.015625
2 0.2453125 0.659375 0.0078125 0.015625
2 0.2171875 0.584375 0.0109375 0.01875
2 0.60234375 0.45546875 0.00625 0.009375
2 0.3203125 0.56171875 0.0078125 0.015625
2 0.32734375 0.559375 0.00625 0.015625
2 0.2859375 0.528125 0.0109375 0.0125
2 0.28359375 0.4703125 0.009375 0.015625
2 0.2953125 0.4703125 0.00625 0.015625
2 0.40078125 0.48203125 0.0078125 0.015625
2 0.22109375 0.77578125 0.0109375 0.0125
2 0.01796875 0.740625 0.015625 0.0234375