1 0.0328125 0.13828125 0.0265625 0.0359375
1 0.05703125 0.13984375 0.0203125 0.0328125
1 0.03046875 0.18984375 0.0234375 0.0296875
1 0.046875 0.19453125 0.0171875 0.028125
1 0.07734375 0.1953125 0.015625 0.0265625
1 0.03359375 0.23984375 0.01875 0.0234375
1 0.0171875 0.24765625 0.0171875 0.021875
1 0.025 0.22421875 0.021875 0.0234375
1 0.00625 0.21796875 0.0125 0.025
1 0.128125 0.1984375 0.0140625 0.01875
1 0.13515625 0.21640625 0.015625 0.0171875
1 0.18203125 0.1953125 0.028125 0.034375
1 0.2765625 0.13984375 0.0296875 0.0375
1 0.3 0.14453125 0.0265625 0.0328125
1 0.309375 0.85625 0.025 0.0390625
1 0.334375 0.84765625 0.0265625 0.0359375
1 0.3140625 0.82734375 0.0234375 0.028125
1 0.33828125 0.8109375 0.0234375 0.034375
1 0.3859375 0.71171875 0.028125 0.034375
1 0.40859375 0.6625 0.03125 0.04375
1 0.31953125 0.61171875 0.03125 0.0375
1 0.35859375 0.50703125 0.025 0.0359375
1 0.23984375 0.34921875 0.0234375 0.0328125
1 0.20703125 0.315625 0.028125 0.0328125
1 0.190625 0.34375 0.025 0.0296875
1 0.32578125 0.38046875 0.0296875 0.0375
1 0.41015625 0.175 0.034375 0.040625
1 0.41953125 0.21015625 0.0296875 0.034375
1 0.496875 0.22734375 0.025 0.0375
1 0.4984375 0.278125 0.028125 0.034375
1 0.90546875 0.08515625 0.0359375 0.0421875
1 0.56015625 0.18125 0.0296875 0.040625
1 0.60390625 0.3734375 0.025 0.03125
1 0.61875 0.384375 0.0125 0.01875
1 0.65 0.33203125 0.0171875 0.01875
1 0.67109375 0.34375 0.015625 0.01875
1 0.63828125 0.36328125 0.009375 0.0125
1 0.6484375 0.365625 0.009375 0.0125
1 0.62890625 0.37421875 0.0125 0.015625
1 0.71640625 0.6359375 0.028125 0.0359375
1 0.75234375 0.5578125 0.0296875 0.0359375
1 0.7953125 0.5921875 0.0328125 0.0390625
1 0.8109375 0.50234375 0.025 0.0390625
1 0.940625 0.69296875 0.01875 0.0234375
1 0.76015625 0.39921875 0.028125 0.0375
1 0.8484375 0.31796875 0.0328125 0.0359375
1 0.8734375 0.53671875 0.01875 0.01875
2 0.1328125 0.36484375 0.009375 0.0140625
2 0.13671875 0.37265625 0.0078125 0.0140625
2 0.11875 0.36796875 0.0171875 0.0203125
2 0.08828125 0.36796875 0.0125 0.01875
2 0.07890625 0.3828125 0.0203125 0.0203125
2 0.0953125 0.39453125 0.015625 0.015625
2 0.015625 0.4078125 0.025 0.028125
2 0.04921875 0.41484375 0.021875 0.0234375
2 0.04765625 0.47734375 0.025 0.0296875
2 0.0953125 0.45625 0.015625 0.0296875
2 0.0125 0.58671875 0.025 0.03125
2 0.12578125 0.6015625 0.021875 0.025
2 0.11484375 0.66328125 0.0203125 0.0234375
2 0.09375 0.67578125 0.0234375 0.028125
2 0.07109375 0.68828125 0.021875 0.028125
2 0.0171875 0.78515625 0.0203125 0.0234375