2 0.0109375 0.05 0.021875 0.05625
2 0.0046875 0.13046875 0.009375 0.0421875
2 0.1296875 0.07734375 0.0375 0.0515625
2 0.09765625 0.034375 0.0265625 0.034375
2 0.2125 0.0921875 0.0359375 0.0515625
2 0.27109375 0.08671875 0.0359375 0.05625
2 0.29140625 0.03828125 0.0234375 0.046875
2 0.38984375 0.14609375 0.0375 0.0515625
2 0.4234375 0.18984375 0.0421875 0.05625
2 0.46796875 0.0859375 0.0375 0.05
2 0.44140625 0.07109375 0.0328125 0.05
2 0.53359375 0.19453125 0.03125 0.046875
2 0.58984375 0.146875 0.0265625 0.034375
2 0.59921875 0.109375 0.03125 0.0375
2 0.65546875 0.12109375 0.0390625 0.046875
2 0.6234375 0.1265625 0.0203125 0.040625
2 0.559375 0.13359375 0.0234375 0.0421875
2 0.62890625 0.228125 0.0234375 0.05
2 0.68984375 0.19609375 0.0359375 0.0390625
2 0.70078125 0.14609375 0.0265625 0.028125
2 0.7609375 0.11875 0.0375 0.05625
2 0.73984375 0.1484375 0.0234375 0.046875
2 0.72890625 0.215625 0.0359375 0.0484375
2 0.7421875 0.2625 0.0265625 0.0546875
2 0.6890625 0.28046875 0.03125 0.046875
2 0.72109375 0.30234375 0.040625 0.040625
2 0.7734375 0.36015625 0.0375 0.05
2 0.83203125 0.4046875 0.0328125 0.05
2 0.80859375 0.13984375 0.0359375 0.053125
2 0.8828125 0.19453125 0.040625 0.05625
2 0.875 0.2390625 0.0375 0.0375
2 0.8609375 0.27578125 0.0296875 0.0375
2 0.79609375 0.2390625 0.0328125 0.0421875
2 0.79921875 0.03046875 0.0234375 0.0421875
2 0.73515625 0.0109375 0.0296875 0.021875
2 0.946875 0.07578125 0.028125 0.0390625
2 0.99375 0.2296875 0.0125 0.05
2 0.9046875 0.3515625 0.040625 0.0515625
2 0.91640625 0.30234375 0.0296875 0.0375
2 0.71015625 0.45703125 0.03125 0.0515625
2 0.7359375 0.48125 0.025 0.046875
2 0.73046875 0.52578125 0.0359375 0.0515625
2 0.69296875 0.57109375 0.0359375 0.05
2 0.7671875 0.58828125 0.034375 0.05
2 0.7671875 0.515625 0.034375 0.0375
2 0.85546875 0.57734375 0.028125 0.0359375
2 0.82421875 0.6296875 0.028125 0.0296875
2 0.77578125 0.67734375 0.0421875 0.0421875
2 0.8328125 0.75859375 0.034375 0.046875
2 0.64140625 0.5671875 0.034375 0.0515625
2 0.61953125 0.6015625 0.0359375 0.0515625
2 0.57578125 0.59453125 0.0375 0.05625
2 0.49921875 0.57734375 0.03125 0.046875
2 0.4796875 0.61484375 0.0375 0.0390625
2 0.50703125 0.6765625 0.0375 0.0546875
2 0.57421875 0.7484375 0.028125 0.0609375
2 0.621875 0.70703125 0.028125 0.028125
2 0.68125 0.76953125 0.0296875 0.04375
2 0.76015625 0.81484375 0.0328125 0.046875
2 0.96328125 0.76484375 0.03125 0.04375
2 0.97734375 0.72265625 0.0296875 0.0296875
2 0.98828125 0.86640625 0.0234375 0.046875
2 0.9609375 0.971875 0.0390625 0.0515625
2 0.83359375 0.8734375 0.0203125 0.0421875
2 0.81953125 0.90703125 0.025 0.0390625
2 0.68203125 0.82734375 0.025 0.0375
2 0.709375 0.82734375 0.0234375 0.0375
2 0.74609375 0.8625 0.03125 0.0390625
2 0.86171875 0.7484375 0.025 0.0359375
2 0.8546875 0.9609375 0.0328125 0.0390625
2 0.51796875 0.94140625 0.0296875 0.05
2 0.4078125 0.97421875 0.0375 0.0515625
2 0.45859375 0.81875 0.034375 0.05
2 0.42890625 0.75390625 0.03125 0.0515625
2 0.3640625 0.74375 0.0328125 0.0421875
2 0.30078125 0.85078125 0.0328125 0.059375
2 0.17890625 0.86015625 0.034375 0.059375
2 0.21015625 0.88359375 0.040625 0.0671875
2 0.27265625 0.7828125 0.0390625 0.0328125
2 0.02734375 0.921875 0.028125 0.05
2 0.053125 0.8796875 0.028125 0.034375
2 0.0140625 0.86640625 0.028125 0.046875
2 0.0140625 0.65703125 0.025 0.04375
2 0.0453125 0.66796875 0.03125 0.046875
2 0.0140625 0.5234375 0.028125 0.05625
2 0.115625 0.578125 0.0328125 0.04375
2 0.15078125 0.5046875 0.034375 0.05
2 0.19453125 0.4359375 0.0390625 0.059375
2 0.2390625 0.48125 0.0375 0.0515625
2 0.41015625 0.4265625 0.0359375 0.0390625
2 0.55625 0.3984375 0.034375 0.046875
2 0.61484375 0.390625 0.0375 0.0515625
2 0.35 0.44140625 0.0296875 0.0390625
2 0.33984375 0.3078125 0.0390625 0.0515625
2 0.3625 0.2828125 0.0265625 0.040625
2 0.32578125 0.27421875 0.03125 0.04375
2 0.28125 0.31484375 0.0265625 0.0375
2 0.17890625 0.3625 0.03125 0.05
2 0.21484375 0.36171875 0.03125 0.040625
2 0.165625 0.3171875 0.025 0.03125
2 0.09453125 0.2828125 0.0359375 0.046875
2 0.10078125 0.221875 0.03125 0.046875
2 0.13984375 0.215625 0.034375 0.0390625
2 0.49765625 0.3109375 0.03125 0.0484375
2 0.49453125 0.26328125 0.025 0.046875
2 0.409375 0.32109375 0.034375 0.04375
2 0.3828125 0.3640625 0.034375 0.046875
2 0.4640625 0.38984375 0.0296875 0.04375
2 0.03203125 0.4265625 0.04375 0.0546875
2 0.009375 0.33203125 0.0171875 0.0609375
2 0.05 0.34921875 0.028125 0.040625
2 0.1625 0.7953125 0.034375 0.0421875
2 0.5421875 0.77109375 0.0296875 0.0421875