2 0.021875 0.45859375 0.0203125 0.021875
2 0.05625 0.515625 0.0171875 0.021875
2 0.121875 0.4734375 0.0171875 0.01875
2 0.15234375 0.47578125 0.0171875 0.01875
2 0.13828125 0.5046875 0.0171875 0.01875
2 0.08359375 0.58515625 0.01875 0.0203125
2 0.04453125 0.75390625 0.0171875 0.01875
1 0.0796875 0.69765625 0.0171875 0.01875
1 0.1109375 0.7140625 0.015625 0.01875
1 0.228125 0.64375 0.0109375 0.0125
1 0.171875 0.565625 0.009375 0.0109375
1 0.1640625 0.58359375 0.0078125 0.0109375
2 0.18359375 0.37734375 0.0140625 0.015625
2 0.08203125 0.190625 0.0140625 0.0171875
1 0.096875 0.29453125 0.0109375 0.0125
1 0.209375 0.4796875 0.0140625 0.01875
1 0.1890625 0.5953125 0.0109375 0.0125
1 0.228125 0.55234375 0.009375 0.0125
1 0.34296875 0.45625 0.015625 0.01875
2 0.25390625 0.6421875 0.0125 0.0125
1 0.2578125 0.60703125 0.009375 0.0125
1 0.2875 0.52578125 0.0078125 0.0125
2 0.27109375 0.49765625 0.0109375 0.0109375
1 0.2625 0.42421875 0.0109375 0.0140625
1 0.3796875 0.46015625 0.015625 0.0203125
1 0.4 0.4640625 0.015625 0.01875
1 0.246875 0.31484375 0.009375 0.009375
2 0.04140625 0.6625 0.0109375 0.01875
2 0.378125 0.5609375 0.0140625 0.0171875
2 0.4375 0.646875 0.0203125 0.0265625
2 0.46953125 0.60703125 0.021875 0.0296875
2 0.4609375 0.54453125 0.0234375 0.028125
2 0.3953125 0.2921875 0.0140625 0.01875
1 0.42421875 0.253125 0.015625 0.0203125
1 0.55 0.28984375 0.021875 0.0359375
1 0.49921875 0.29609375 0.0234375 0.0265625
1 0.4859375 0.3515625 0.0203125 0.0171875
1 0.4125 0.365625 0.015625 0.0203125
1 0.64921875 0.325 0.025 0.03125
1 0.59296875 0.2078125 0.03125 0.0359375
1 0.5359375 0.6609375 0.0140625 0.01875
1 0.54296875 0.6328125 0.0125 0.0125
1 0.571875 0.5296875 0.0203125 0.0265625
1 0.584375 0.60390625 0.0171875 0.01875
1 0.69765625 0.7234375 0.0265625 0.0234375
1 0.540625 0.56171875 0.0171875 0.0234375
1 0.5609375 0.5640625 0.01875 0.028125
1 0.54375 0.5421875 0.0171875 0.0171875
1 0.478125 0.5828125 0.0203125 0.0234375
2 0.6875 0.36875 0.0234375 0.03125
2 0.5921875 0.259375 0.025 0.0328125
2 0.7765625 0.44296875 0.034375 0.04375
2 0.79765625 0.284375 0.0375 0.0453125
1 0.8296875 0.2546875 0.0328125 0.040625
2 0.8703125 0.21640625 0.03125 0.0375
2 0.915625 0.20546875 0.028125 0.034375
1 0.91875 0.26484375 0.03125 0.040625
1 0.97265625 0.31875 0.034375 0.04375
1 0.7796875 0.53515625 0.028125 0.03125
1 0.5796875 0.87265625 0.0203125 0.0375
1 0.6015625 0.940625 0.0265625 0.0359375
1 0.6078125 0.86796875 0.021875 0.0296875
1 0.6578125 0.82421875 0.0203125 0.0296875
1 0.4671875 0.83984375 0.0171875 0.021875
1 0.39765625 0.7109375 0.0171875 0.0203125
1 0.3671875 0.62578125 0.0109375 0.0171875
1 0.378125 0.63125 0.0125 0.0203125
2 0.38125 0.38515625 0.009375 0.0171875