0 0.11484375 0.2734375 0.059375 0.13125
0 0.2015625 0.2890625 0.0890625 0.121875
0 0.075 0.3984375 0.0796875 0.1203125
0 0.12890625 0.3890625 0.06875 0.084375
0 0.1265625 0.4609375 0.0796875 0.1
0 0.3390625 0.46796875 0.0546875 0.08125
0 0.23671875 0.509375 0.0375 0.075
0 0.23125 0.43203125 0.059375 0.053125
0 0.58515625 0.39609375 0.2640625 0.3578125
0 0.54140625 0.5734375 0.2234375 0.309375
0 0.71328125 0.17890625 0.0671875 0.08125
0 0.8046875 0.15390625 0.0546875 0.096875
0 0.85859375 0.184375 0.0609375 0.0859375
0 0.8765625 0.1390625 0.065625 0.0953125
0 0.83515625 0.25390625 0.0671875 0.0859375
0 0.77890625 0.27109375 0.065625 0.11875
0 0.81015625 0.3234375 0.0609375 0.08125
0 0.75625 0.3390625 0.0125 0.0453125
0 0.79921875 0.06953125 0.1984375 0.1390625