1 0.315625 0.50859375 0.021875 0.028125
1 0.225 0.2859375 0.0234375 0.0296875
1 0.24296875 0.4015625 0.0234375 0.021875
1 0.47734375 0.1734375 0.015625 0.0234375
1 0.5359375 0.35 0.0171875 0.021875
1 0.37421875 0.6875 0.015625 0.01875
1 0.5328125 0.61640625 0.021875 0.0296875
1 0.628125 0.7390625 0.0234375 0.0296875
1 0.64765625 0.7296875 0.0203125 0.028125
1 0.709375 0.703125 0.015625 0.025
1 0.2796875 0.49921875 0.021875 0.025
1 0.23515625 0.7046875 0.01875 0.0203125
1 0.35390625 0.23203125 0.0171875 0.021875
2 0.7671875 0.1296875 0.0203125 0.0265625
2 0.7859375 0.4046875 0.021875 0.028125
2 0.8625 0.34375 0.0109375 0.0140625
2 0.60625 0.42265625 0.0203125 0.0265625
2 0.55078125 0.3109375 0.0203125 0.025
2 0.37890625 0.56171875 0.0203125 0.0265625
2 0.42265625 0.71796875 0.025 0.03125
2 0.45625 0.7875 0.0140625 0.01875
2 0.15390625 0.8140625 0.0390625 0.0546875
2 0.1046875 0.6640625 0.028125 0.0359375
2 0.38125 0.1578125 0.0203125 0.025
2 0.38359375 0.1828125 0.01875 0.0234375
2 0.3625 0.159375 0.01875 0.025
2 0.36875 0.175 0.0203125 0.021875
2 0.46796875 0.33671875 0.01875 0.021875
2 0.4578125 0.15546875 0.015625 0.0140625
2 0.634375 0.19609375 0.0203125 0.021875
2 0.6546875 0.140625 0.0203125 0.028125
2 0.721875 0.12265625 0.0203125 0.0265625
2 0.2203125 0.45390625 0.0125 0.0140625