2 0.325 0.3203125 0.0265625 0.040625
2 0.28671875 0.29765625 0.0296875 0.0453125
2 0.40390625 0.246875 0.0375 0.0578125
2 0.25390625 0.51640625 0.025 0.04375
2 0.22578125 0.51796875 0.0296875 0.040625
2 0.06953125 0.26796875 0.0234375 0.0359375
2 0.784375 0.07421875 0.0375 0.0453125
2 0.61640625 0.02265625 0.0359375 0.0453125
2 0.7125 0.19375 0.028125 0.040625
2 0.72421875 0.17265625 0.034375 0.0359375
2 0.7453125 0.26796875 0.0296875 0.0453125
2 0.83515625 0.46875 0.028125 0.0390625
2 0.86484375 0.43984375 0.0265625 0.03125
2 0.8890625 0.41484375 0.028125 0.0328125
2 0.575 0.16484375 0.028125 0.0375
2 0.59921875 0.18359375 0.0265625 0.028125
2 0.59765625 0.08359375 0.0328125 0.046875
2 0.35390625 0.4015625 0.0234375 0.0296875
2 0.36796875 0.3796875 0.0234375 0.025
2 0.6234375 0.56015625 0.0125 0.0171875
2 0.6546875 0.55 0.01875 0.0203125
2 0.76015625 0.48828125 0.034375 0.040625
2 0.64609375 0.24375 0.028125 0.04375
2 0.92265625 0.15625 0.0328125 0.040625
2 0.68828125 0.28046875 0.028125 0.0375
2 0.68828125 0.3828125 0.03125 0.0375
2 0.61796875 0.315625 0.0328125 0.0421875
2 0.75234375 0.196875 0.028125 0.0265625
2 0.8046875 0.42734375 0.0171875 0.0203125
2 0.76171875 0.41640625 0.0203125 0.021875
2 0.990625 0.43828125 0.01875 0.0484375
2 0.94921875 0.42109375 0.025 0.0390625
2 0.91328125 0.41015625 0.025 0.0453125
2 0.96015625 0.2078125 0.0421875 0.0484375
2 0.95703125 0.02578125 0.0296875 0.0359375
2 0.9546875 0.06640625 0.0296875 0.0296875
2 0.08828125 0.10859375 0.0234375 0.021875
2 0.053125 0.1203125 0.015625 0.025
2 0.04609375 0.0921875 0.0203125 0.028125
2 0.13125 0.19140625 0.0234375 0.0265625
2 0.1640625 0.146875 0.03125 0.0390625
2 0.2 0.14375 0.0390625 0.0453125
2 0.15703125 0.18515625 0.021875 0.0265625
2 0.08671875 0.478125 0.0328125 0.0375
2 0.14296875 0.59453125 0.025 0.046875
2 0.171875 0.57734375 0.028125 0.0390625
2 0.15078125 0.54453125 0.025 0.028125
2 0.48671875 0.7328125 0.028125 0.0515625
2 0.5140625 0.71796875 0.028125 0.040625
2 0.50078125 0.725 0.0234375 0.04375
2 0.08125 0.75546875 0.034375 0.03125
2 0.2125 0.4296875 0.021875 0.028125
2 0.47109375 0.06953125 0.028125 0.025
2 0.196875 0.3578125 0.0234375 0.025
2 0.16171875 0.340625 0.0171875 0.021875
2 0.115625 0.3578125 0.01875 0.0234375
2 0.84765625 0.128125 0.0171875 0.0203125
2 0.88046875 0.18359375 0.015625 0.0265625
2 0.86796875 0.20078125 0.0140625 0.0203125
2 0.8625 0.12578125 0.0125 0.0140625
2 0.72890625 0.309375 0.0171875 0.01875
2 0.81796875 0.35078125 0.015625 0.015625
2 0.3109375 0.2109375 0.0328125 0.0375
2 0.37109375 0.21171875 0.0234375 0.028125
2 0.39140625 0.19296875 0.03125 0.0265625
2 0.378125 0.23984375 0.021875 0.01875
2 0.43828125 0.23671875 0.0234375 0.028125
2 0.4703125 0.1921875 0.034375 0.0375
2 0.44453125 0.1046875 0.040625 0.05