2 0.63984375 0.43359375 0.04375 0.0421875
2 0.46875 0.375 0.053125 0.0375
2 0.296875 0.43828125 0.0390625 0.034375
2 0.3171875 0.4609375 0.053125 0.0453125
2 0.15546875 0.446875 0.0453125 0.0328125
2 0.27109375 0.2328125 0.053125 0.04375
2 0.340625 0.24609375 0.053125 0.0375
2 0.509375 0.25546875 0.0359375 0.0328125
2 0.7078125 0.4 0.0484375 0.0390625
2 0.63984375 0.590625 0.0515625 0.04375
2 0.60625 0.55546875 0.04375 0.0421875
2 0.54375 0.5546875 0.0390625 0.034375
2 0.36640625 0.565625 0.053125 0.0421875
2 0.453125 0.6234375 0.0375 0.034375
2 0.78203125 0.5734375 0.04375 0.028125
2 0.7234375 0.35390625 0.046875 0.0375
2 0.7328125 0.8140625 0.0390625 0.0296875
2 0.6546875 0.6984375 0.04375 0.0421875