2 0.61484375 0.5765625 0.3828125 0.6046875
0 0.515625 0.82578125 0.1609375 0.2421875
0 0.03671875 0.715625 0.0375 0.0671875
0 0.0765625 0.6578125 0.0453125 0.0953125
0 0.3421875 0.578125 0.059375 0.0421875
0 0.32109375 0.54296875 0.03125 0.0421875
0 0.29609375 0.57265625 0.034375 0.0421875
0 0.26328125 0.59609375 0.040625 0.046875
0 0.1484375 0.50859375 0.04375 0.0625
0 0.1703125 0.45859375 0.040625 0.05625
0 0.04765625 0.503125 0.04375 0.0625
0 0.10390625 0.42890625 0.0296875 0.05625
0 0.075 0.40859375 0.03125 0.06875
0 0.82578125 0.2328125 0.0484375 0.053125
0 0.78984375 0.19921875 0.0234375 0.0328125
0 0.065625 0.30703125 0.0671875 0.1296875
0 0.1625 0.32578125 0.175 0.16875
0 0.19921875 0.40859375 0.140625 0.1625
0 0.21953125 0.2390625 0.028125 0.0765625
0 0.2375 0.1859375 0.04375 0.065625
0 0.28515625 0.2140625 0.0640625 0.1921875
0 0.3359375 0.43984375 0.0734375 0.1359375
0 0.2890625 0.50625 0.0328125 0.0625
0 0.90625 0.56328125 0.0421875 0.0703125
0 0.9296875 0.51953125 0.0421875 0.071875
0 0.94921875 0.48046875 0.021875 0.0421875
0 0.97265625 0.48359375 0.028125 0.0421875
0 0.92890625 0.43515625 0.028125 0.0453125
0 0.92265625 0.35234375 0.0359375 0.0625
0 0.8921875 0.4203125 0.0296875 0.0453125
0 0.8578125 0.43515625 0.0328125 0.0453125