0 0.49296875 0.4046875 0.1953125 0.1609375
0 0.3578125 0.67109375 0.2 0.1609375
0 0.41796875 0.52890625 0.221875 0.2140625
0 0.4578125 0.62890625 0.053125 0.084375
0 0.878125 0.70234375 0.09375 0.115625
0 0.6578125 0.60703125 0.134375 0.15625
0 0.65078125 0.49296875 0.0671875 0.053125
0 0.77578125 0.41328125 0.1640625 0.221875
0 0.56875 0.25546875 0.275 0.2
0 0.575 0.0796875 0.253125 0.159375
0 0.7 0.0375 0.084375 0.05
0 0.7921875 0.0796875 0.09375 0.159375
0 0.94453125 0.3265625 0.1109375 0.15625
0 0.4953125 0.93984375 0.146875 0.1203125
0 0.52890625 0.63359375 0.0984375 0.1296875
0 0.5796875 0.553125 0.075 0.103125
0 0.66875 0.69765625 0.1828125 0.0984375