2 0.95 0.0703125 0.1 0.140625
2 0.39140625 0.19296875 0.1921875 0.14375
2 0.60078125 0.290625 0.171875 0.1515625
2 0.4359375 0.33515625 0.178125 0.140625
2 0.8546875 0.4390625 0.153125 0.121875
2 0.86328125 0.59921875 0.1890625 0.1328125
2 0.553125 0.83828125 0.1953125 0.134375
2 0.42109375 0.70703125 0.19375 0.134375
2 0.253125 0.86171875 0.1546875 0.1203125
2 0.1203125 0.925 0.0796875 0.05
2 0.228125 0.61015625 0.1984375 0.1234375
2 0.0546875 0.47578125 0.109375 0.128125
2 0.54453125 0.61640625 0.221875 0.0625