2 0.36328125 0.165625 0.0453125 0.0359375
2 0.52734375 0.1296875 0.053125 0.0390625
2 0.69453125 0.0625 0.0515625 0.0453125
2 0.75625 0.03359375 0.05625 0.046875
2 0.73359375 0.2234375 0.05 0.040625
2 0.68984375 0.24609375 0.05 0.0421875
2 0.82578125 0.50078125 0.065625 0.040625
2 0.9359375 0.4234375 0.078125 0.0625
2 0.9765625 0.5984375 0.046875 0.0515625
2 0.390625 0.65390625 0.05 0.0375
2 0.21328125 0.58359375 0.05 0.025
2 0.08671875 0.5171875 0.046875 0.0375
2 0.24609375 0.65625 0.0484375 0.0375
2 0.440625 0.6453125 0.0375 0.03125
2 0.471875 0.58125 0.04375 0.03125
2 0.5015625 0.42265625 0.0359375 0.028125
2 0.40859375 0.76953125 0.046875 0.0359375
2 0.33359375 0.7671875 0.04375 0.0328125
2 0.25390625 0.77109375 0.040625 0.0296875
2 0.04296875 0.61953125 0.0203125 0.015625
2 0.01484375 0.55234375 0.0203125 0.01875
2 0.03125 0.4328125 0.0328125 0.01875
2 0.34609375 0.36640625 0.0359375 0.025
2 0.3328125 0.46484375 0.034375 0.028125
2 0.49609375 0.490625 0.0359375 0.03125
2 0.584375 0.7140625 0.0234375 0.0125
2 0.50234375 0.83515625 0.0234375 0.0171875
2 0.42890625 0.8203125 0.0203125 0.0171875
2 0.42109375 0.8421875 0.025 0.015625
2 0.2671875 0.92109375 0.0296875 0.0203125
2 0.2546875 0.940625 0.03125 0.0296875
2 0.240625 0.971875 0.034375 0.0296875
2 0.1640625 0.86875 0.0296875 0.021875
2 0.09375 0.8171875 0.01875 0.015625
2 0.0765625 0.884375 0.028125 0.0171875
2 0.01171875 0.840625 0.0234375 0.01875
2 0.0875 0.959375 0.034375 0.025
2 0.05859375 0.97578125 0.034375 0.025
2 0.01328125 0.98828125 0.0265625 0.0234375
2 0.09921875 0.675 0.0359375 0.03125
2 0.95546875 0.75546875 0.05625 0.0359375