2 0.23671875 0.325 0.1203125 0.2203125
2 0.73515625 0.346875 0.1375 0.2453125
2 0.8234375 0.6171875 0.1375 0.2203125
2 0.70078125 0.66015625 0.1140625 0.203125
2 0.68515625 0.790625 0.090625 0.1140625
2 0.36640625 0.43828125 0.140625 0.2078125
2 0.50390625 0.44375 0.1546875 0.2234375
2 0.4453125 0.63203125 0.1171875 0.1890625
2 0.35703125 0.64921875 0.1171875 0.1953125
2 0.52109375 0.6609375 0.1484375 0.215625
2 0.4234375 0.76875 0.1140625 0.1765625
2 0.1234375 0.79296875 0.1375 0.26875
2 0.23046875 0.9203125 0.1453125 0.159375
2 0.93203125 0.91328125 0.134375 0.1734375