1 0.43359375 0.55 0.2546875 0.3328125
1 0.165625 0.3734375 0.215625 0.2859375
1 0.134375 0.121875 0.253125 0.24375
1 0.353125 0.20390625 0.23125 0.3140625
1 0.48828125 0.103125 0.2609375 0.20625
1 0.61875 0.30859375 0.2421875 0.3390625
1 0.27265625 0.56953125 0.1421875 0.2609375
1 0.07109375 0.59296875 0.1421875 0.303125
1 0.034375 0.29140625 0.06875 0.2890625
1 0.3125 0.3984375 0.1 0.096875
1 0.440625 0.3609375 0.1484375 0.09375
1 0.815625 0.32109375 0.1765625 0.259375
1 0.77109375 0.10859375 0.2421875 0.2171875
1 0.94765625 0.05546875 0.1046875 0.1109375
1 0.9546875 0.24375 0.090625 0.265625
1 0.90078125 0.5640625 0.1984375 0.3828125
1 0.7125 0.5640625 0.221875 0.2890625
1 0.8921875 0.83046875 0.215625 0.2890625
1 0.69375 0.846875 0.1796875 0.271875
1 0.54609375 0.8578125 0.2609375 0.284375
1 0.32890625 0.8265625 0.2125 0.2859375
1 0.11875 0.84296875 0.2375 0.303125
1 0.18984375 0.615625 0.1375 0.1859375