1 0.4109375 0.3390625 0.0234375 0.03125
1 0.66640625 0.65390625 0.025 0.0234375
1 0.7 0.69921875 0.0234375 0.03125
1 0.5 0.46484375 0.025 0.0296875
1 0.43515625 0.63203125 0.025 0.028125
1 0.4609375 0.61953125 0.021875 0.0328125
1 0.2265625 0.35546875 0.0203125 0.0265625
1 0.62578125 0.29375 0.0171875 0.0234375
1 0.66640625 0.3390625 0.01875 0.028125
1 0.27578125 0.55390625 0.0203125 0.0328125
1 0.171875 0.12890625 0.01875 0.028125
1 0.275 0.1546875 0.025 0.03125
2 0.084375 0.278125 0.0328125 0.0375
2 0.0890625 0.309375 0.034375 0.034375
2 0.15234375 0.33671875 0.03125 0.0390625
2 0.04765625 0.38515625 0.028125 0.034375
2 0.04375 0.41328125 0.0296875 0.0296875
2 0.0296875 0.45546875 0.025 0.0359375
2 0.15625 0.48515625 0.021875 0.0296875
1 0.0609375 0.49765625 0.01875 0.0234375
1 0.12109375 0.6265625 0.0203125 0.0265625
2 0.2328125 0.70625 0.028125 0.0359375
2 0.35625 0.71484375 0.0234375 0.03125
2 0.3734375 0.7 0.015625 0.0234375
2 0.4 0.6953125 0.015625 0.028125
2 0.3703125 0.18125 0.0296875 0.0390625
2 0.4015625 0.16171875 0.028125 0.0390625
2 0.46875 0.17421875 0.0296875 0.040625
2 0.72265625 0.253125 0.0234375 0.03125
2 0.89453125 0.2375 0.0359375 0.0390625
2 0.81171875 0.459375 0.03125 0.0390625
2 0.815625 0.5578125 0.021875 0.028125
2 0.628125 0.41015625 0.015625 0.01875
1 0.6390625 0.6265625 0.0234375 0.028125
2 0.9890625 0.4828125 0.021875 0.0359375
2 0.86796875 0.01171875 0.028125 0.0234375
2 0.7234375 0.06484375 0.0234375 0.0328125
2 0.653125 0.009375 0.028125 0.01875
2 0.640625 0.05390625 0.0203125 0.0203125