1 0.5640625 0.10546875 0.04375 0.0671875
1 0.5953125 0.2859375 0.0453125 0.065625
1 0.46484375 0.51328125 0.0390625 0.05625
1 0.3359375 0.459375 0.0453125 0.0625
1 0.1765625 0.390625 0.034375 0.0453125
1 0.10703125 0.32265625 0.0296875 0.0359375
1 0.1515625 0.6453125 0.025 0.0359375
1 0.26171875 0.78125 0.028125 0.0484375
2 0.4875 0.678125 0.0328125 0.05
2 0.0953125 0.59296875 0.0359375 0.05
2 0.14140625 0.3296875 0.0328125 0.046875
2 0.140625 0.409375 0.0375 0.046875
1 0.20078125 0.4359375 0.03125 0.0453125
1 0.4421875 0.3875 0.015625 0.0390625
2 0.19765625 0.53359375 0.0125 0.0203125
2 0.14609375 0.559375 0.0125 0.015625
2 0.1953125 0.55859375 0.0140625 0.015625
2 0.2171875 0.490625 0.021875 0.0328125
2 0.09921875 0.6953125 0.0109375 0.015625
2 0.03828125 0.55234375 0.0125 0.0125
2 0.040625 0.70703125 0.0125 0.0140625
2 0.1296875 0.746875 0.0125 0.015625
2 0.0390625 0.8296875 0.0125 0.015625
1 0.8234375 0.48671875 0.015625 0.0171875
1 0.940625 0.465625 0.0359375 0.0484375