2 0.0296875 0.109375 0.053125 0.103125
2 0.03203125 0.2046875 0.0640625 0.1265625
2 0.01796875 0.26796875 0.0359375 0.103125
2 0.01796875 0.3578125 0.0359375 0.096875
2 0.04375 0.37265625 0.0390625 0.0796875
2 0.01328125 0.47421875 0.0265625 0.1171875
2 0.0328125 0.86640625 0.046875 0.10625
2 0.08671875 0.67578125 0.075 0.1515625
2 0.11015625 0.6109375 0.0765625 0.075
2 0.1671875 0.7109375 0.103125 0.171875
2 0.21171875 0.4453125 0.04375 0.071875
2 0.20390625 0.5078125 0.053125 0.0609375
2 0.265625 0.4984375 0.0546875 0.10625
2 0.2328125 0.8484375 0.0796875 0.1609375
2 0.3171875 0.68515625 0.0828125 0.1578125
2 0.4390625 0.68515625 0.090625 0.171875
2 0.38125 0.796875 0.084375 0.1546875
2 0.64765625 0.83203125 0.0703125 0.1546875
2 0.74609375 0.7484375 0.084375 0.1546875
2 0.7 0.796875 0.034375 0.103125