1 0.540625 0.4484375 0.0359375 0.0390625
2 0.4296875 0.4671875 0.040625 0.040625
2 0.37890625 0.503125 0.0203125 0.015625
2 0.48203125 0.4703125 0.0234375 0.0484375
2 0.45078125 0.60390625 0.0171875 0.0234375
2 0.315625 0.59296875 0.021875 0.0265625
2 0.5125 0.41796875 0.0390625 0.034375
2 0.484375 0.43671875 0.0296875 0.025
2 0.4921875 0.39375 0.03125 0.040625
2 0.60078125 0.4453125 0.028125 0.053125
2 0.69375 0.45546875 0.03125 0.040625
2 0.70234375 0.41640625 0.034375 0.0390625
2 0.44140625 0.2578125 0.0234375 0.0375
2 0.3546875 0.65390625 0.01875 0.0203125
2 0.66171875 0.7390625 0.05625 0.078125
2 0.7796875 0.60390625 0.0546875 0.0421875
2 0.82578125 0.33125 0.0328125 0.0265625
2 0.9015625 0.1734375 0.0546875 0.0625
2 0.7203125 0.984375 0.059375 0.03125
2 0.26171875 0.12109375 0.0390625 0.0546875
2 0.30390625 0.378125 0.0109375 0.0125
2 0.24296875 0.4875 0.009375 0.015625
2 0.19296875 0.66171875 0.0140625 0.0125
2 0.20234375 0.91171875 0.0265625 0.04375