2 0.8140625 0.01015625 0.03125 0.0203125
2 0.7171875 0.0625 0.0265625 0.0375
2 0.61640625 0.0875 0.025 0.0328125
2 0.80625 0.1703125 0.0296875 0.040625
2 0.83125 0.146875 0.0296875 0.0375
2 0.84453125 0.1875 0.0296875 0.0375
2 0.978125 0.1484375 0.025 0.0328125
2 0.93203125 0.35234375 0.040625 0.05
2 0.87734375 0.415625 0.0359375 0.0390625
2 0.95625 0.50078125 0.0390625 0.04375
2 0.6921875 0.34453125 0.021875 0.025
2 0.65625 0.17421875 0.0140625 0.025
2 0.525 0.16875 0.0171875 0.028125
2 0.4625 0.43046875 0.0234375 0.0328125
2 0.63125 0.56171875 0.025 0.034375
2 0.5515625 0.5625 0.0234375 0.03125
2 0.6359375 0.66875 0.0234375 0.03125
2 0.590625 0.671875 0.0203125 0.0328125
2 0.5328125 0.6859375 0.0203125 0.0265625
2 0.45859375 0.58125 0.01875 0.028125
2 0.37421875 0.54921875 0.0125 0.015625
2 0.3578125 0.47578125 0.009375 0.015625
2 0.409375 0.34921875 0.01875 0.025
2 0.54140625 0.46640625 0.0234375 0.03125
2 0.534375 0.49609375 0.0203125 0.03125
2 0.6140625 0.29375 0.0203125 0.0203125
2 0.7140625 0.246875 0.0125 0.0265625
2 0.3484375 0.23125 0.0140625 0.0203125
2 0.9734375 0.8859375 0.0375 0.0484375
2 0.93125 0.86796875 0.01875 0.0203125
2 0.89765625 0.821875 0.015625 0.0203125
2 0.68125 0.49296875 0.0234375 0.0328125
2 0.65625 0.55546875 0.01875 0.025
2 0.621875 0.6625 0.015625 0.0296875
2 0.65859375 0.7859375 0.0140625 0.01875
2 0.61171875 0.7703125 0.0140625 0.015625
2 0.609375 0.7890625 0.015625 0.015625
2 0.5265625 0.8453125 0.0140625 0.0203125
2 0.52109375 0.88515625 0.0203125 0.021875
2 0.5234375 0.8609375 0.015625 0.021875
2 0.46171875 0.7984375 0.015625 0.01875
2 0.415625 0.80546875 0.015625 0.015625
2 0.421875 0.87734375 0.015625 0.0234375
2 0.434375 0.86484375 0.015625 0.0203125
2 0.34765625 0.81953125 0.0171875 0.0203125
2 0.3453125 0.746875 0.0125 0.015625
2 0.49375 0.178125 0.021875 0.028125
2 0.28359375 0.575 0.0109375 0.0140625
2 0.30546875 0.571875 0.0109375 0.0125
2 0.3203125 0.625 0.0125 0.0140625
2 0.31640625 0.6421875 0.009375 0.0125
2 0.3140625 0.640625 0.0078125 0.0140625
2 0.34921875 0.47890625 0.009375 0.0171875
2 0.375 0.44375 0.0109375 0.0109375
2 0.43515625 0.42890625 0.0109375 0.0171875
2 0.2640625 0.4828125 0.009375 0.0125