2 0.9453125 0.17890625 0.028125 0.021875
2 0.8765625 0.21875 0.0328125 0.0234375
2 0.70546875 0.21171875 0.0234375 0.01875
2 0.71484375 0.2796875 0.03125 0.021875
2 0.59375 0.290625 0.025 0.01875
2 0.6578125 0.29296875 0.0296875 0.01875
1 0.89296875 0.3609375 0.0328125 0.0234375
2 0.89921875 0.4140625 0.0359375 0.021875
2 0.709375 0.3515625 0.025 0.0203125
2 0.62734375 0.365625 0.028125 0.021875
2 0.6640625 0.37265625 0.028125 0.0203125
2 0.65546875 0.34140625 0.021875 0.015625
2 0.56953125 0.39453125 0.0265625 0.0171875
2 0.60234375 0.51328125 0.0296875 0.021875
2 0.68671875 0.546875 0.03125 0.0234375
2 0.95859375 0.496875 0.034375 0.025
2 0.7828125 0.4796875 0.028125 0.0171875
2 0.6515625 0.56875 0.034375 0.0234375
2 0.56875 0.55390625 0.0328125 0.0203125
2 0.5609375 0.59375 0.0203125 0.015625
2 0.6671875 0.68359375 0.0296875 0.0234375
2 0.703125 0.67265625 0.0296875 0.0203125
2 0.63125 0.7234375 0.025 0.0203125
2 0.80703125 0.74375 0.0359375 0.0265625
2 0.790625 0.7125 0.0265625 0.015625
2 0.43671875 0.53515625 0.0140625 0.0109375
2 0.453125 0.53515625 0.0140625 0.009375
2 0.4375 0.590625 0.0140625 0.0078125
2 0.490625 0.57578125 0.015625 0.0109375
2 0.40390625 0.5171875 0.0140625 0.0109375
2 0.53984375 0.4046875 0.01875 0.0140625
2 0.3875 0.36015625 0.009375 0.00625
2 0.4640625 0.59453125 0.0109375 0.0078125
2 0.4796875 0.59140625 0.009375 0.00625
1 0.60703125 0.58984375 0.0203125 0.0140625
1 0.49453125 0.6453125 0.0171875 0.0125
1 0.52109375 0.6234375 0.015625 0.0125
1 0.54453125 0.6328125 0.0203125 0.0140625
2 0.5234375 0.64765625 0.0171875 0.0125