0 0.1015625 0.3875 0.159375 0.225
0 0.159375 0.41875 0.04375 0.046875
0 0.1265625 0.45625 0.034375 0.0375
0 0.1515625 0.08125 0.046875 0.0796875
0 0.5921875 0.35390625 0.153125 0.225
0 0.628125 0.39375 0.0375 0.046875
0 0.584375 0.28125 0.01875 0.0375
0 0.0578125 0.68984375 0.053125 0.0546875
0 0.815625 0.27109375 0.03125 0.040625
0 0.825 0.21875 0.03125 0.0375
0 0.884375 0.28515625 0.04375 0.0625
2 0.4453125 0.50390625 0.346875 0.4671875
2 0.7984375 0.5625 0.353125 0.4671875
2 0.625 0.72734375 0.1625 0.1375