2 0.925 0.54140625 0.03125 0.0296875
2 0.628125 0.540625 0.0265625 0.0328125
2 0.47265625 0.475 0.0296875 0.034375
2 0.65234375 0.20703125 0.03125 0.0390625
2 0.40546875 0.490625 0.03125 0.034375
2 0.95546875 0.38046875 0.0328125 0.0328125
2 0.67265625 0.40625 0.03125 0.04375
2 0.6171875 0.98359375 0.0203125 0.0296875
2 0.95703125 0.4625 0.0359375 0.03125
2 0.39921875 0.540625 0.0203125 0.0265625
2 0.928125 0.9796875 0.01875 0.0203125
2 0.8390625 0.74296875 0.0203125 0.0234375
2 0.4828125 0.7109375 0.01875 0.021875
2 0.91796875 0.81953125 0.0234375 0.021875
2 0.41953125 0.56640625 0.01875 0.021875
2 0.846875 0.4109375 0.028125 0.0234375
2 0.9546875 0.78203125 0.021875 0.0203125
2 0.39921875 0.95234375 0.0125 0.0171875
2 0.95859375 0.83203125 0.021875 0.025
2 0.69453125 0.9921875 0.0203125 0.015625
2 0.80078125 0.825 0.025 0.0375