1 0.30078125 0.14609375 0.01875 0.0296875
1 0.15 0.20078125 0.0203125 0.03125
1 0.16171875 0.26328125 0.015625 0.0234375
1 0.09609375 0.33125 0.0203125 0.0203125
1 0.03515625 0.37421875 0.0203125 0.0296875
1 0.0625 0.33984375 0.0125 0.0234375
1 0.01171875 0.259375 0.021875 0.034375
1 0.059375 0.440625 0.025 0.0359375
1 0.075 0.39609375 0.0203125 0.028125
1 0.1375 0.46796875 0.0203125 0.028125
1 0.15 0.40078125 0.0140625 0.0203125
1 0.1625 0.41015625 0.0171875 0.01875
1 0.2046875 0.38125 0.01875 0.025
1 0.21015625 0.40390625 0.01875 0.028125
1 0.20390625 0.334375 0.0171875 0.025
1 0.22109375 0.33515625 0.0171875 0.0265625
1 0.25 0.28046875 0.01875 0.0296875
1 0.290625 0.2859375 0.021875 0.034375
1 0.340625 0.25703125 0.03125 0.04375
1 0.453125 0.1765625 0.028125 0.04375
1 0.49921875 0.17578125 0.0265625 0.0421875
1 0.06328125 0.52265625 0.0140625 0.021875
1 0.02890625 0.5578125 0.021875 0.028125
1 0.046875 0.66015625 0.028125 0.0359375
1 0.02109375 0.6421875 0.0265625 0.0359375
1 0.1359375 0.5890625 0.0140625 0.01875
1 0.15625 0.4609375 0.0140625 0.0296875
1 0.1703125 0.45625 0.0203125 0.0296875
1 0.16953125 0.47734375 0.0203125 0.025
1 0.15078125 0.934375 0.046875 0.075
1 0.20078125 0.853125 0.0390625 0.0625
1 0.26875 0.83125 0.0578125 0.0859375
1 0.33515625 0.89921875 0.0515625 0.0765625
1 0.3015625 0.975 0.0515625 0.05
1 0.334375 0.9828125 0.04375 0.034375
1 0.5203125 0.69140625 0.0359375 0.0546875
1 0.3125 0.44375 0.03125 0.0515625
1 0.43984375 0.41484375 0.028125 0.0421875
1 0.5171875 0.46484375 0.0375 0.0484375
1 0.5125 0.51875 0.0359375 0.0484375
1 0.51328125 0.55234375 0.028125 0.040625
1 0.53125 0.58359375 0.025 0.0375
1 0.53046875 0.61875 0.028125 0.0421875
1 0.54453125 0.64296875 0.0234375 0.0359375
1 0.50390625 0.31875 0.025 0.0328125
1 0.5359375 0.2953125 0.021875 0.0375
1 0.6578125 0.1546875 0.0234375 0.03125
1 0.6875 0.28515625 0.0328125 0.046875
1 0.61015625 0.49140625 0.0359375 0.05
1 0.63359375 0.621875 0.040625 0.06875
1 0.6734375 0.62890625 0.0453125 0.0609375
1 0.725 0.6046875 0.021875 0.0390625
1 0.76484375 0.5734375 0.0203125 0.0328125
1 0.7734375 0.6109375 0.0265625 0.0359375
1 0.784375 0.59609375 0.0234375 0.0328125
1 0.7484375 0.5375 0.028125 0.0359375
1 0.746875 0.50234375 0.028125 0.0421875
1 0.77109375 0.47734375 0.0203125 0.0328125
1 0.7984375 0.48359375 0.025 0.03125
1 0.81875 0.4578125 0.0203125 0.028125
1 0.84453125 0.51640625 0.028125 0.04375
1 0.628125 0.94921875 0.04375 0.071875
1 0.675 0.875 0.0390625 0.065625
1 0.71796875 0.93203125 0.0328125 0.0484375
1 0.7375 0.9734375 0.0234375 0.0359375
1 0.821875 0.89765625 0.0265625 0.0484375
1 0.94375 0.86640625 0.028125 0.04375
1 0.990625 0.61796875 0.01875 0.046875
1 0.93515625 0.54453125 0.0296875 0.040625
1 0.73515625 0.3234375 0.034375 0.05
1 0.7328125 0.39375 0.028125 0.0421875
1 0.76171875 0.384375 0.0328125 0.046875
1 0.79296875 0.38203125 0.0328125 0.04375
1 0.83828125 0.36875 0.0234375 0.0359375
1 0.84296875 0.40859375 0.034375 0.0453125
1 0.82109375 0.21796875 0.015625 0.0265625