1 0.09765625 0.35546875 0.0265625 0.0359375
1 0.03125 0.38828125 0.0171875 0.0234375
1 0.16328125 0.375 0.025 0.0296875
1 0.215625 0.259375 0.028125 0.025
1 0.059375 0.5421875 0.0203125 0.0234375
1 0.19453125 0.1703125 0.0265625 0.028125
1 0.26640625 0.159375 0.0234375 0.0296875
1 0.46484375 0.17890625 0.021875 0.028125
1 0.41796875 0.54375 0.025 0.03125
1 0.33046875 0.6375 0.025 0.034375
1 0.24765625 0.83671875 0.0234375 0.0265625
1 0.146875 0.91171875 0.0171875 0.0265625
2 0.5734375 0.78203125 0.01875 0.028125
2 0.6484375 0.79375 0.0171875 0.0234375
1 0.7 0.7046875 0.015625 0.0203125
1 0.696875 0.628125 0.01875 0.0234375
1 0.7421875 0.63203125 0.0109375 0.015625
2 0.725 0.659375 0.0140625 0.01875
1 0.82578125 0.684375 0.0140625 0.0171875
1 0.8 0.71484375 0.0140625 0.015625
1 0.78203125 0.6296875 0.0109375 0.0171875
1 0.8625 0.66328125 0.0109375 0.0125
1 0.89609375 0.6328125 0.0109375 0.0125
1 0.90625 0.70703125 0.0109375 0.0140625
1 0.9125 0.721875 0.0109375 0.0125
1 0.9453125 0.68515625 0.0125 0.0140625
1 0.94140625 0.5921875 0.0140625 0.015625
1 0.8859375 0.54921875 0.0140625 0.0171875
1 0.84140625 0.52109375 0.0109375 0.0171875
1 0.86171875 0.525 0.0109375 0.0171875
1 0.89140625 0.52265625 0.0109375 0.015625
1 0.8421875 0.4671875 0.0140625 0.0171875
1 0.959375 0.47734375 0.009375 0.015625
2 0.940625 0.37421875 0.0109375 0.0125
2 0.8703125 0.340625 0.0140625 0.015625
2 0.86328125 0.32421875 0.0125 0.0140625
2 0.86484375 0.2765625 0.0109375 0.015625
2 0.853125 0.26796875 0.0109375 0.0140625
2 0.8171875 0.27109375 0.0109375 0.0140625
2 0.8234375 0.25703125 0.0109375 0.0140625
2 0.828125 0.23984375 0.0109375 0.0140625
2 0.79921875 0.2578125 0.009375 0.009375
2 0.7734375 0.29453125 0.0125 0.015625
2 0.7921875 0.35546875 0.0109375 0.0140625
2 0.76328125 0.40703125 0.015625 0.0203125
1 0.74765625 0.396875 0.015625 0.021875
1 0.7546875 0.4546875 0.015625 0.01875
1 0.7203125 0.496875 0.015625 0.0203125
2 0.73515625 0.5015625 0.015625 0.01875
2 0.47890625 0.625 0.021875 0.0296875
2 0.49609375 0.53984375 0.028125 0.0390625
2 0.621875 0.57421875 0.0203125 0.0265625