1 0.91875 0.18515625 0.034375 0.0546875
1 0.95078125 0.18125 0.0359375 0.046875
1 0.88984375 0.19375 0.03125 0.0546875
1 0.8296875 0.175 0.034375 0.05
1 0.6328125 0.4 0.03125 0.040625
1 0.5921875 0.39140625 0.034375 0.05
1 0.409375 0.49375 0.03125 0.046875
1 0.77265625 0.79765625 0.0359375 0.046875
1 0.89765625 0.90859375 0.0359375 0.0421875
1 0.89375 0.56484375 0.028125 0.0375
1 0.5015625 0.83125 0.03125 0.0375
1 0.41796875 0.3375 0.03125 0.0328125
1 0.36484375 0.70859375 0.03125 0.0421875
1 0.3265625 0.11484375 0.0234375 0.0296875