1 0.5046875 0.11484375 0.0234375 0.0296875
1 0.3078125 0.15234375 0.040625 0.04375
1 0.34296875 0.17890625 0.0375 0.040625
1 0.39609375 0.1671875 0.04375 0.0421875
1 0.31328125 0.25078125 0.04375 0.046875
1 0.478125 0.384375 0.0390625 0.046875
1 0.6109375 0.34921875 0.0421875 0.0515625
1 0.27265625 0.60546875 0.0296875 0.0359375
1 0.303125 0.503125 0.0328125 0.0453125
1 0.32890625 0.60234375 0.0390625 0.046875
1 0.32578125 0.6640625 0.03125 0.0421875
1 0.21875 0.74765625 0.0421875 0.0515625
1 0.29453125 0.8125 0.040625 0.05
1 0.353125 0.7390625 0.0328125 0.04375
1 0.346875 0.875 0.0234375 0.0296875
1 0.54296875 0.80390625 0.034375 0.0515625
1 0.6453125 0.86953125 0.046875 0.0578125
1 0.634375 0.8984375 0.0390625 0.0421875
1 0.57265625 0.965625 0.04375 0.0546875
1 0.65 0.97578125 0.0421875 0.0484375
1 0.53203125 0.490625 0.034375 0.0421875
1 0.54140625 0.14765625 0.0234375 0.034375
1 0.8703125 0.41171875 0.040625 0.040625
1 0.85859375 0.44375 0.0296875 0.0359375
1 0.765625 0.64453125 0.01875 0.025
1 0.753125 0.6859375 0.0359375 0.0421875
1 0.86875 0.6125 0.0296875 0.040625
1 0.85546875 0.83671875 0.0359375 0.0375
1 0.7234375 0.88984375 0.0296875 0.0375
1 0.90703125 0.665625 0.0265625 0.034375
1 0.934375 0.66953125 0.0328125 0.0359375
1 0.9671875 0.4625 0.0234375 0.0328125
1 0.98046875 0.35703125 0.0390625 0.0484375
1 0.8828125 0.25 0.028125 0.03125