1 0.0328125 0.575 0.028125 0.0203125
1 0.3796875 0.74375 0.0234375 0.015625
2 0.028125 0.4 0.0296875 0.021875
2 0.31328125 0.53046875 0.0234375 0.0203125
2 0.41953125 0.415625 0.028125 0.021875
2 0.478125 0.2578125 0.03125 0.0203125
2 0.55625 0.27109375 0.0203125 0.0171875
2 0.59453125 0.3046875 0.0234375 0.0171875
2 0.32578125 0.2890625 0.0234375 0.015625
2 0.28828125 0.8609375 0.0265625 0.021875
2 0.1 0.578125 0.021875 0.01875
2 0.6640625 0.884375 0.025 0.01875
2 0.84765625 0.43125 0.015625 0.0125
2 0.303125 0.44609375 0.0171875 0.0140625
2 0.278125 0.240625 0.025 0.015625
2 0.14296875 0.67421875 0.025 0.0171875
2 0.23515625 0.75078125 0.0171875 0.015625
2 0.6953125 0.48046875 0.0125 0.009375
1 0.60546875 0.47578125 0.009375 0.0140625