1 0.51484375 0.38515625 0.028125 0.0328125
1 0.5734375 0.56640625 0.0296875 0.040625
1 0.56875 0.76875 0.0328125 0.04375
1 0.5546875 0.89921875 0.0234375 0.0328125
1 0.871875 0.95234375 0.0296875 0.040625
1 0.85 0.89140625 0.01875 0.0359375
1 0.90234375 0.709375 0.028125 0.0375
2 0.8390625 0.746875 0.01875 0.03125
2 0.9015625 0.37578125 0.0328125 0.034375
2 0.73203125 0.3703125 0.0265625 0.0359375
2 0.73359375 0.2984375 0.028125 0.0375
2 0.71171875 0.37109375 0.021875 0.0328125
2 0.81328125 0.19296875 0.03125 0.0375
2 0.8296875 0.16484375 0.0296875 0.0328125
1 0.85078125 0.196875 0.025 0.034375
2 0.78515625 0.1625 0.0296875 0.0359375
2 0.7859375 0.03828125 0.0296875 0.0375
1 0.21484375 0.465625 0.021875 0.0296875
2 0.40703125 0.2515625 0.01875 0.025
2 0.31953125 0.3234375 0.015625 0.0203125
1 0.290625 0.3125 0.0171875 0.0203125
2 0.353125 0.29296875 0.0078125 0.0078125
2 0.3578125 0.27109375 0.00625 0.00625
2 0.1734375 0.34453125 0.009375 0.0125
2 0.246875 0.28203125 0.0078125 0.009375
2 0.234375 0.26640625 0.0078125 0.009375
2 0.16953125 0.24765625 0.0078125 0.0109375
2 0.09765625 0.44296875 0.0109375 0.0125
2 0.14921875 0.40703125 0.009375 0.0125
2 0.0703125 0.5125 0.009375 0.009375
2 0.01328125 0.3890625 0.009375 0.009375
2 0.06875 0.24921875 0.0109375 0.0125
1 0.25859375 0.509375 0.015625 0.01875
2 0.271875 0.521875 0.0203125 0.0265625
2 0.28515625 0.52734375 0.01875 0.0203125
2 0.2390625 0.5328125 0.01875 0.0203125
2 0.30859375 0.6125 0.021875 0.028125
2 0.16796875 0.66640625 0.0171875 0.0171875
2 0.2203125 0.64296875 0.015625 0.015625
2 0.225 0.703125 0.01875 0.021875
2 0.2609375 0.7 0.0171875 0.0234375
1 0.2390625 0.72265625 0.0125 0.01875
2 0.2171875 0.72109375 0.009375 0.0140625
1 0.1859375 0.84765625 0.0203125 0.0265625
1 0.20625 0.859375 0.021875 0.0296875
2 0.40234375 0.803125 0.0203125 0.021875
1 0.409375 0.78125 0.01875 0.0265625
1 0.27109375 0.965625 0.0171875 0.0265625
2 0.60546875 0.340625 0.015625 0.021875