2 0.7453125 0.21171875 0.059375 0.084375
2 0.28671875 0.6 0.034375 0.05
2 0.453125 0.51328125 0.0328125 0.040625
1 0.88828125 0.3203125 0.0359375 0.03125
2 0.84921875 0.3 0.03125 0.03125
2 0.54296875 0.528125 0.03125 0.04375
2 0.140625 0.53984375 0.0390625 0.040625
1 0.73671875 0.5125 0.0171875 0.0234375
2 0.82890625 0.33203125 0.0328125 0.03125
2 0.0359375 0.41171875 0.0296875 0.034375
2 0.18203125 0.034375 0.0453125 0.0609375
2 0.78515625 0.475 0.021875 0.01875
2 0.9125 0.3484375 0.0265625 0.025
2 0.54453125 0.43515625 0.0234375 0.034375
2 0.1453125 0.48984375 0.0203125 0.025
2 0.8828125 0.1953125 0.0203125 0.0203125
2 0.95234375 0.23125 0.01875 0.015625
1 0.79609375 0.2578125 0.0203125 0.025
2 0.753125 0.30078125 0.0140625 0.021875
2 0.04296875 0.13828125 0.0265625 0.04375