2 0.36875 0.540625 0.0375 0.028125
2 0.3296875 0.49609375 0.0453125 0.025
2 0.178125 0.3234375 0.0375 0.021875
2 0.0828125 0.36171875 0.0328125 0.025
2 0.1171875 0.36328125 0.0375 0.025
2 0.05625 0.44375 0.025 0.015625
2 0.53203125 0.59296875 0.0359375 0.025
2 0.64921875 0.61015625 0.046875 0.028125
2 0.9421875 0.603125 0.0421875 0.0265625
2 0.19453125 0.1921875 0.034375 0.021875
2 0.26875 0.2140625 0.0375 0.03125
2 0.20625 0.22109375 0.0375 0.028125
2 0.28125 0.26640625 0.025 0.0234375
2 0.31484375 0.2734375 0.0203125 0.0171875
2 0.36484375 0.23828125 0.0296875 0.0234375
2 0.36484375 0.2140625 0.0328125 0.025
2 0.39453125 0.25 0.03125 0.0203125
2 0.45078125 0.26796875 0.03125 0.021875
2 0.47421875 0.2578125 0.0296875 0.0234375
2 0.475 0.234375 0.03125 0.0234375
2 0.6203125 0.25625 0.0203125 0.0171875
2 0.66171875 0.2921875 0.0203125 0.0140625
2 0.68515625 0.33984375 0.028125 0.01875
2 0.765625 0.35078125 0.025 0.0203125
2 0.78125 0.31953125 0.01875 0.015625
2 0.75546875 0.2984375 0.0234375 0.015625
2 0.52109375 0.29296875 0.021875 0.0171875
2 0.696875 0.778125 0.03125 0.0203125
2 0.7625 0.72578125 0.034375 0.0234375
2 0.828125 0.74609375 0.0359375 0.0234375
2 0.965625 0.796875 0.0375 0.028125
2 0.93828125 0.81484375 0.034375 0.021875
2 0.9703125 0.8984375 0.0328125 0.0203125
2 0.57421875 0.85234375 0.03125 0.028125
2 0.3546875 0.60859375 0.028125 0.0234375
2 0.38046875 0.609375 0.0234375 0.025
2 0.0703125 0.5578125 0.0390625 0.028125
2 0.11484375 0.50390625 0.0375 0.01875
2 0.14765625 0.52109375 0.025 0.0171875
2 0.21015625 0.41171875 0.01875 0.015625
2 0.2578125 0.375 0.015625 0.0125
2 0.27734375 0.36640625 0.0203125 0.015625
2 0.0953125 0.390625 0.034375 0.0203125
2 0.4484375 0.35 0.025 0.021875
2 0.68359375 0.40234375 0.0171875 0.0140625
2 0.83984375 0.446875 0.025 0.021875
2 0.953125 0.46796875 0.03125 0.01875
2 0.971875 0.3578125 0.0359375 0.021875
2 0.9109375 0.3734375 0.025 0.0140625
2 0.88671875 0.38046875 0.025 0.015625
2 0.878125 0.58984375 0.0375 0.0234375
2 0.86640625 0.56640625 0.025 0.021875
2 0.85078125 0.6296875 0.025 0.015625
2 0.74296875 0.62421875 0.0203125 0.0109375
2 0.6828125 0.64765625 0.0140625 0.0109375
2 0.61953125 0.63828125 0.0203125 0.009375
2 0.58984375 0.68203125 0.021875 0.01875
2 0.503125 0.69296875 0.028125 0.01875
2 0.69765625 0.82265625 0.0125 0.0109375
2 0.7875 0.871875 0.0203125 0.01875
2 0.9421875 0.91875 0.01875 0.0140625
2 0.96328125 0.91875 0.0234375 0.01875
2 0.9828125 0.93125 0.025 0.0140625
2 0.5046875 0.95234375 0.025 0.0203125
2 0.3859375 0.89453125 0.021875 0.0171875
2 0.2828125 0.53984375 0.0296875 0.0203125
2 0.1828125 0.51640625 0.0203125 0.01875
2 0.1921875 0.59296875 0.028125 0.0125
2 0.21015625 0.63125 0.0203125 0.0140625
2 0.17109375 0.5984375 0.015625 0.0125
2 0.01796875 0.64140625 0.025 0.015625
2 0.03828125 0.5890625 0.028125 0.0203125
2 0.096875 0.61875 0.021875 0.0109375
2 0.1140625 0.6875 0.0234375 0.0125
2 0.059375 0.75390625 0.0203125 0.0125
2 0.07421875 0.7375 0.0125 0.0140625
2 0.10390625 0.73359375 0.0171875 0.0203125
2 0.075 0.76484375 0.0140625 0.0125
2 0.05625 0.76640625 0.009375 0.0125
2 0.28828125 0.5828125 0.015625 0.0125
2 0.2578125 0.54375 0.0234375 0.0109375
2 0.34375 0.5796875 0.015625 0.0109375
2 0.5453125 0.55234375 0.01875 0.0203125
2 0.44609375 0.51796875 0.015625 0.0125
2 0.46328125 0.5625 0.0265625 0.0125
2 0.01328125 0.3375 0.0171875 0.0125
2 0.08046875 0.27421875 0.034375 0.0265625
2 0.35234375 0.30234375 0.01875 0.015625
2 0.33203125 0.29296875 0.0140625 0.0125
2 0.353125 0.38828125 0.01875 0.009375
2 0.3859375 0.39140625 0.0125 0.0125
2 0.596875 0.43515625 0.015625 0.0078125
2 0.646875 0.54140625 0.015625 0.0109375
2 0.5390625 0.3609375 0.025 0.015625
2 0.7046875 0.26328125 0.01875 0.015625
2 0.71015625 0.27578125 0.015625 0.0125
2 0.71015625 0.2265625 0.015625 0.0140625
2 0.88515625 0.26953125 0.015625 0.021875
2 0.93828125 0.28203125 0.0265625 0.0171875
2 0.9140625 0.2171875 0.0203125 0.015625
2 0.634375 0.2625 0.0203125 0.0109375
2 0.80546875 0.265625 0.021875 0.0140625