1 0.940625 0.15390625 0.0625 0.0953125
1 0.6828125 0.44375 0.0390625 0.0484375
1 0.82265625 0.51171875 0.034375 0.0484375
1 0.89453125 0.68203125 0.0421875 0.0515625
1 0.7609375 0.61875 0.0296875 0.0484375
1 0.77890625 0.6921875 0.034375 0.0484375
1 0.79921875 0.22578125 0.0328125 0.0421875
1 0.13984375 0.47578125 0.034375 0.0515625
1 0.1015625 0.51171875 0.028125 0.0515625
1 0.33828125 0.2625 0.01875 0.0359375
1 0.784375 0.165625 0.01875 0.03125
1 0.7421875 0.09453125 0.0203125 0.025
1 0.2375 0.3703125 0.0359375 0.0546875
1 0.1875 0.86875 0.0375 0.0515625