1 0.0640625 0.20546875 0.028125 0.040625
1 0.85703125 0.2484375 0.0234375 0.0234375
2 0.11171875 0.32109375 0.0296875 0.0359375
2 0.0140625 0.23515625 0.028125 0.0421875
2 0.17578125 0.303125 0.0234375 0.0265625
2 0.4296875 0.5890625 0.0328125 0.04375
2 0.5296875 0.48515625 0.028125 0.0578125
2 0.49765625 0.65546875 0.0296875 0.0359375
2 0.73828125 0.61171875 0.0390625 0.0515625
2 0.93671875 0.2734375 0.0359375 0.0421875
2 0.9765625 0.25390625 0.0421875 0.0421875
1 0.9046875 0.1296875 0.0328125 0.0421875
2 0.8734375 0.1453125 0.0296875 0.0359375
2 0.15625 0.534375 0.0203125 0.0265625
2 0.13125 0.39375 0.021875 0.028125
2 0.2140625 0.4 0.0171875 0.015625
1 0.61171875 0.690625 0.0234375 0.034375
1 0.23671875 0.36875 0.015625 0.0203125
1 0.70390625 0.3078125 0.0265625 0.0296875
2 0.8765625 0.2109375 0.021875 0.028125
2 0.89140625 0.3171875 0.01875 0.01875