2 0.93046875 0.03671875 0.1390625 0.0734375
2 0.79140625 0.0921875 0.1234375 0.1015625
2 0.6265625 0.021875 0.078125 0.04375
2 0.5828125 0.13046875 0.0859375 0.0671875
2 0.62421875 0.16640625 0.0921875 0.0671875
2 0.253125 0.32890625 0.1359375 0.10625
2 0.25625 0.4328125 0.1 0.071875
2 0.14921875 0.446875 0.08125 0.05625
2 0.353125 0.421875 0.1 0.0640625
2 0.02890625 0.27421875 0.0578125 0.0734375
0 0.2234375 0.10859375 0.021875 0.01875
0 0.24375 0.07578125 0.025 0.0140625
0 0.234375 0.090625 0.0140625 0.009375
0 0.33828125 0.0890625 0.05 0.0421875
0 0.36328125 0.109375 0.0171875 0.0109375
0 0.384375 0.0765625 0.01875 0.0125
0 0.40390625 0.0390625 0.0125 0.009375
0 0.5328125 0.0515625 0.0125 0.0125
0 0.4015625 0.1234375 0.0359375 0.015625
0 0.32734375 0.1265625 0.015625 0.0203125
0 0.3953125 0.34296875 0.0109375 0.009375
0 0.553125 0.27421875 0.0140625 0.0109375
0 0.65078125 0.2203125 0.0359375 0.040625
0 0.47734375 0.25078125 0.025 0.0234375
0 0.64296875 0.37109375 0.01875 0.0171875
0 0.46796875 0.36328125 0.05 0.01875
0 0.4578125 0.56015625 0.1 0.08125
0 0.559375 0.61484375 0.0390625 0.0375
0 0.55078125 0.5765625 0.096875 0.0578125
0 0.5703125 0.559375 0.0828125 0.065625
0 0.51796875 0.53984375 0.0578125 0.0453125
0 0.478125 0.53046875 0.01875 0.028125
0 0.38984375 0.7328125 0.046875 0.034375
0 0.38515625 0.70234375 0.046875 0.028125
0 0.359375 0.67421875 0.040625 0.028125
0 0.40703125 0.678125 0.0546875 0.03125
0 0.22734375 0.70546875 0.0390625 0.03125
0 0.646875 0.81328125 0.1796875 0.159375
0 0.40859375 0.77265625 0.046875 0.0359375
0 0.2015625 0.8625 0.0375 0.0265625
0 0.9296875 0.66875 0.1140625 0.0984375