2 0.925 0.57109375 0.0625 0.0640625
2 0.56484375 0.8203125 0.0390625 0.0484375
2 0.353125 0.3921875 0.021875 0.0234375
2 0.53984375 0.90078125 0.028125 0.0453125
2 0.615625 0.46640625 0.0265625 0.0375
2 0.01796875 0.80234375 0.0359375 0.0421875
2 0.94296875 0.0828125 0.05625 0.06875
2 0.8203125 0.48828125 0.0515625 0.0546875
2 0.77578125 0.39296875 0.0484375 0.05625
2 0.74296875 0.47421875 0.04375 0.046875
2 0.3453125 0.28046875 0.0234375 0.0296875
2 0.45546875 0.5625 0.01875 0.0265625
2 0.2140625 0.3375 0.028125 0.028125
2 0.6671875 0.33203125 0.0296875 0.034375
2 0.00859375 0.7453125 0.0171875 0.0359375
2 0.34140625 0.12578125 0.025 0.034375
2 0.7109375 0.4515625 0.0375 0.04375
2 0.22890625 0.51875 0.0203125 0.0234375
2 0.553125 0.3828125 0.01875 0.0234375
2 0.50234375 0.9125 0.0265625 0.0390625
2 0.8046875 0.0515625 0.0359375 0.0421875
2 0.14296875 0.34921875 0.025 0.025
2 0.8953125 0.13828125 0.0375 0.046875
2 0.70703125 0.28203125 0.0328125 0.0390625
2 0.2015625 0.74453125 0.028125 0.0265625
2 0.27578125 0.7703125 0.021875 0.0234375
1 0.55078125 0.27421875 0.0171875 0.0234375
2 0.15703125 0.39765625 0.025 0.028125
2 0.3703125 0.725 0.01875 0.0203125
2 0.78203125 0.75 0.03125 0.05
2 0.19296875 0.43125 0.0203125 0.0203125
2 0.55546875 0.54765625 0.0203125 0.028125
2 0.8421875 0.16953125 0.0296875 0.0328125
2 0.73203125 0.14765625 0.015625 0.034375
2 0.5703125 0.33359375 0.0140625 0.0171875
2 0.41484375 0.71484375 0.015625 0.021875
2 0.41015625 0.66953125 0.0125 0.0203125