2 0.16015625 0.2015625 0.1328125 0.184375
2 0.528125 0.08984375 0.0859375 0.115625
2 0.43203125 0.5703125 0.0984375 0.1375
2 0.61484375 0.83046875 0.121875 0.1625
2 0.44453125 0.22578125 0.09375 0.13125
2 0.37421875 0.415625 0.096875 0.1390625
2 0.10078125 0.41328125 0.096875 0.15
2 0.290625 0.325 0.103125 0.1078125
2 0.7796875 0.684375 0.0671875 0.0890625
2 0.61484375 0.959375 0.0921875 0.08125
2 0.30234375 0.7203125 0.0703125 0.1
2 0.540625 0.5515625 0.0546875 0.078125
2 0.64765625 0.57265625 0.046875 0.0625
2 0.46640625 0.3859375 0.0890625 0.10625