1 0.1046875 0.78515625 0.05 0.06875
1 0.43046875 0.0890625 0.046875 0.0796875
2 0.38203125 0.15390625 0.053125 0.090625
2 0.15703125 0.49609375 0.08125 0.1046875
2 0.4625 0.4265625 0.071875 0.109375
2 0.26171875 0.43671875 0.04375 0.075
2 0.30390625 0.4921875 0.0421875 0.0453125
2 0.46796875 0.553125 0.0359375 0.0515625
2 0.8078125 0.7671875 0.125 0.1640625
2 0.0640625 0.115625 0.0390625 0.0546875
2 0.67890625 0.13671875 0.0359375 0.059375
2 0.64609375 0.225 0.0390625 0.065625
2 0.58046875 0.090625 0.0390625 0.0546875
2 0.53828125 0.471875 0.0265625 0.034375
2 0.2390625 0.62109375 0.0171875 0.028125
2 0.05 0.68359375 0.028125 0.0328125
2 0.05859375 0.65546875 0.021875 0.0265625
2 0.26484375 0.6484375 0.0234375 0.0421875
2 0.27890625 0.6875 0.03125 0.040625