2 0.6828125 0.64765625 0.03125 0.040625
2 0.51953125 0.3765625 0.021875 0.034375
2 0.48125 0.4609375 0.021875 0.0265625
2 0.55078125 0.42578125 0.015625 0.0203125
2 0.71171875 0.5484375 0.0421875 0.05625
2 0.72734375 0.496875 0.0390625 0.0421875
2 0.64765625 0.43984375 0.0265625 0.0390625
2 0.6078125 0.4484375 0.0265625 0.034375
2 0.61484375 0.51875 0.028125 0.0375
2 0.578125 0.51640625 0.01875 0.0203125
2 0.52734375 0.49140625 0.0171875 0.0234375
2 0.63515625 0.70078125 0.0328125 0.0515625
2 0.6921875 0.60546875 0.03125 0.046875
1 0.94921875 0.08828125 0.0375 0.0578125
2 0.9296875 0.14921875 0.0390625 0.0640625
2 0.89375 0.13203125 0.0296875 0.0421875
2 0.9203125 0.103125 0.021875 0.0265625
2 0.8828125 0.1875 0.0296875 0.0484375
2 0.86171875 0.21015625 0.0296875 0.046875
2 0.84140625 0.22421875 0.0234375 0.0453125
2 0.8640625 0.290625 0.0296875 0.046875
2 0.896875 0.34375 0.0265625 0.0375
2 0.93515625 0.34140625 0.040625 0.0546875
2 0.978125 0.3203125 0.034375 0.0390625
2 0.9828125 0.3671875 0.0328125 0.0625
2 0.94609375 0.38359375 0.0390625 0.0375
2 0.821875 0.528125 0.0359375 0.046875
2 0.8046875 0.49296875 0.0359375 0.0375
2 0.76640625 0.5125 0.0171875 0.03125
2 0.771875 0.56640625 0.0265625 0.028125
2 0.815625 0.63828125 0.040625 0.046875
2 0.86953125 0.621875 0.0375 0.04375
2 0.81328125 0.58125 0.04375 0.028125
2 0.87578125 0.528125 0.0359375 0.0421875
2 0.93828125 0.54140625 0.0203125 0.0234375
2 0.95703125 0.45546875 0.015625 0.0265625
2 0.9921875 0.4859375 0.015625 0.040625
2 0.97734375 0.51015625 0.028125 0.0328125
2 0.96953125 0.5453125 0.01875 0.0265625
2 0.95234375 0.55546875 0.0140625 0.01875
2 0.9171875 0.61171875 0.0234375 0.03125
2 0.8109375 0.70859375 0.025 0.028125
2 0.82734375 0.7421875 0.015625 0.025
2 0.94296875 0.721875 0.015625 0.0265625
2 0.7953125 0.82578125 0.028125 0.03125
2 0.77421875 0.796875 0.0234375 0.03125
2 0.74609375 0.85625 0.034375 0.0484375
2 0.75078125 0.8890625 0.028125 0.0328125
2 0.70859375 0.91953125 0.01875 0.034375
2 0.71953125 0.953125 0.01875 0.04375
2 0.7296875 0.9234375 0.021875 0.0390625
2 0.75546875 0.965625 0.025 0.0359375
2 0.68125 0.878125 0.01875 0.0265625
2 0.6921875 0.85859375 0.0140625 0.0265625
2 0.70625 0.8703125 0.0109375 0.0171875
2 0.7203125 0.7359375 0.028125 0.0375
2 0.715625 0.69765625 0.03125 0.0359375
2 0.70390625 0.653125 0.0203125 0.04375
2 0.66015625 0.7875 0.0375 0.0453125
2 0.628125 0.77421875 0.0359375 0.0515625
2 0.58984375 0.796875 0.0328125 0.05
2 0.5578125 0.81796875 0.0234375 0.034375
2 0.47578125 0.8109375 0.021875 0.028125
2 0.47421875 0.8328125 0.01875 0.0234375
2 0.459375 0.853125 0.021875 0.0328125
2 0.48203125 0.8546875 0.021875 0.0296875
2 0.496875 0.815625 0.015625 0.0265625
2 0.54296875 0.7859375 0.01875 0.0328125
2 0.5546875 0.71640625 0.0296875 0.0375
2 0.503125 0.73828125 0.0296875 0.0265625
2 0.49140625 0.959375 0.015625 0.025
2 0.6328125 0.34921875 0.0375 0.04375
2 0.43125 0.84453125 0.0203125 0.0265625
2 0.3953125 0.80859375 0.0203125 0.0265625
2 0.38125 0.92578125 0.021875 0.034375
2 0.415625 0.97421875 0.028125 0.0328125
2 0.3578125 0.93046875 0.015625 0.0265625
2 0.2921875 0.83359375 0.0234375 0.0328125
2 0.29921875 0.7625 0.01875 0.028125
2 0.31328125 0.7484375 0.0203125 0.0296875
2 0.33515625 0.76875 0.0265625 0.0375
2 0.35546875 0.775 0.01875 0.0375
2 0.321875 0.71328125 0.021875 0.034375
2 0.334375 0.69296875 0.021875 0.0296875
2 0.28359375 0.61015625 0.0234375 0.0265625
2 0.24375 0.65234375 0.015625 0.021875
2 0.2421875 0.8125 0.025 0.0390625
2 0.2453125 0.840625 0.025 0.0265625
2 0.25078125 0.8734375 0.0234375 0.03125
2 0.20625 0.89765625 0.028125 0.028125
2 0.42578125 0.49921875 0.0140625 0.028125
2 0.41015625 0.50859375 0.015625 0.0234375
2 0.33671875 0.45859375 0.0140625 0.0203125
2 0.2921875 0.353125 0.0125 0.0171875
2 0.2671875 0.3125 0.0109375 0.0171875
2 0.2796875 0.27578125 0.0140625 0.015625
2 0.39375 0.3078125 0.0109375 0.0234375
2 0.4359375 0.3140625 0.0109375 0.0125
2 0.23984375 0.26328125 0.0078125 0.0078125
2 0.13359375 0.60234375 0.01875 0.0234375
2 0.04140625 0.54296875 0.01875 0.0234375
2 0.053125 0.58828125 0.0140625 0.01875
2 0.059375 0.6265625 0.0109375 0.0234375
2 0.0328125 0.58515625 0.0125 0.01875
2 0.0484375 0.49140625 0.0171875 0.0234375
2 0.05390625 0.4734375 0.0125 0.0171875
1 0.0765625 0.39375 0.01875 0.0265625
2 0.08359375 0.3328125 0.01875 0.028125
2 0.04609375 0.3265625 0.015625 0.0234375
2 0.009375 0.3609375 0.01875 0.0234375
2 0.0625 0.44375 0.0234375 0.0265625
2 0.0171875 0.409375 0.015625 0.0234375
2 0.03203125 0.41484375 0.015625 0.01875
2 0.0953125 0.846875 0.01875 0.0234375
2 0.16015625 0.78203125 0.01875 0.0234375
2 0.10234375 0.78046875 0.01875 0.015625
2 0.0546875 0.8359375 0.01875 0.0234375
2 0.64375 0.64140625 0.03125 0.040625
2 0.596875 0.66953125 0.028125 0.034375
2 0.4921875 0.590625 0.015625 0.0203125
2 0.21171875 0.434375 0.0109375 0.015625
2 0.21171875 0.4078125 0.0125 0.0140625
2 0.31875 0.46796875 0.0140625 0.0234375
2 0.32421875 0.41171875 0.0140625 0.0234375
2 0.35078125 0.44609375 0.015625 0.0265625