1 0.38515625 0.321875 0.04375 0.034375
1 0.66328125 0.309375 0.0515625 0.040625
1 0.26875 0.36640625 0.0390625 0.0359375
1 0.38828125 0.50234375 0.046875 0.0421875
1 0.2546875 0.43359375 0.0609375 0.0359375
1 0.35234375 0.6515625 0.0421875 0.0328125
1 0.2953125 0.66015625 0.0390625 0.03125
1 0.27578125 0.70234375 0.0328125 0.0390625
1 0.69296875 0.3234375 0.0484375 0.04375
1 0.759375 0.3671875 0.040625 0.040625
1 0.3578125 0.42421875 0.046875 0.0265625
1 0.34140625 0.76171875 0.0484375 0.028125
1 0.1046875 0.81484375 0.053125 0.034375
2 0.1984375 0.60703125 0.034375 0.03125
2 0.165625 0.4875 0.0296875 0.03125
2 0.14765625 0.4515625 0.046875 0.034375
2 0.20234375 0.46796875 0.04375 0.0328125
2 0.20625 0.365625 0.0390625 0.0265625
2 0.29375 0.33984375 0.046875 0.028125
2 0.321875 0.36640625 0.05 0.040625
2 0.02890625 0.8578125 0.0515625 0.0390625
2 0.359375 0.71640625 0.0453125 0.0390625
2 0.35234375 0.684375 0.028125 0.0328125
2 0.290625 0.7359375 0.0296875 0.0328125
2 0.771875 0.53203125 0.028125 0.0171875
2 0.73671875 0.55546875 0.0265625 0.015625
2 0.75078125 0.5 0.028125 0.0171875
2 0.80078125 0.4609375 0.021875 0.009375
2 0.69765625 0.52734375 0.0125 0.0078125
2 0.5953125 0.54296875 0.0125 0.0140625
2 0.55078125 0.51875 0.0140625 0.0109375
1 0.55859375 0.4546875 0.0421875 0.03125
2 0.7984375 0.39375 0.01875 0.0171875
2 0.771875 0.415625 0.028125 0.0171875
2 0.80703125 0.4046875 0.0140625 0.009375