2 0.3765625 0.8859375 0.0703125 0.109375
2 0.2921875 0.6390625 0.046875 0.0859375
2 0.27890625 0.50703125 0.04375 0.0765625
2 0.28203125 0.56328125 0.040625 0.0359375
2 0.2859375 0.3796875 0.0578125 0.0828125
2 0.28046875 0.27421875 0.0578125 0.059375
2 0.234375 0.3703125 0.053125 0.08125
2 0.25234375 0.41875 0.0390625 0.06875
2 0.19140625 0.8171875 0.071875 0.0640625
2 0.2078125 0.8828125 0.0640625 0.084375
2 0.06015625 0.92265625 0.0578125 0.06875
2 0.01953125 0.5328125 0.0390625 0.0796875
2 0.01640625 0.19296875 0.0328125 0.103125
2 0.14765625 0.746875 0.0640625 0.0625