2 0.2453125 0.43671875 0.034375 0.046875
2 0.41796875 0.503125 0.0421875 0.0421875
2 0.515625 0.4546875 0.0328125 0.0484375
2 0.51796875 0.59765625 0.034375 0.05
2 0.4640625 0.6734375 0.0296875 0.0484375
1 0.76171875 0.453125 0.0328125 0.04375
2 0.6421875 0.33515625 0.015625 0.021875
2 0.63046875 0.3796875 0.0125 0.01875
2 0.63203125 0.39375 0.0125 0.0140625
2 0.684375 0.3109375 0.009375 0.0125
1 0.6796875 0.33671875 0.0140625 0.0109375
2 0.61875 0.31328125 0.0125 0.015625
2 0.71875 0.55390625 0.01875 0.01875
2 0.61796875 0.5828125 0.0109375 0.0125
2 0.578125 0.56015625 0.009375 0.015625
1 0.30625 0.51171875 0.025 0.0328125
2 0.34609375 0.47734375 0.0234375 0.0359375
2 0.31953125 0.4984375 0.0171875 0.0359375
2 0.35859375 0.4828125 0.0203125 0.0296875
1 0.321875 0.40234375 0.015625 0.0359375
2 0.2734375 0.4265625 0.021875 0.0359375
2 0.3640625 0.209375 0.0296875 0.0515625
2 0.37578125 0.15390625 0.0203125 0.025
2 0.56171875 0.24921875 0.0125 0.0203125
2 0.6734375 0.8421875 0.0140625 0.0265625
2 0.621875 0.77578125 0.0125 0.0234375
2 0.3140625 0.71171875 0.01875 0.01875
1 0.415625 0.84765625 0.0203125 0.0359375
1 0.32109375 0.73359375 0.0234375 0.034375
1 0.28203125 0.69140625 0.0265625 0.0375