0 0.4734375 0.596875 0.2484375 0.378125
0 0.33125 0.234375 0.0984375 0.1140625
0 0.36796875 0.09453125 0.0734375 0.0953125
0 0.421875 0.203125 0.0546875 0.0890625
0 0.50390625 0.215625 0.06875 0.075
0 0.6390625 0.41640625 0.209375 0.4890625
0 0.6703125 0.3109375 0.0578125 0.1171875
0 0.73203125 0.3515625 0.0578125 0.109375
0 0.6640625 0.47109375 0.05625 0.0703125
0 0.71875 0.5265625 0.0765625 0.08125
0 0.78046875 0.74609375 0.0578125 0.08125
0 0.825 0.6609375 0.0796875 0.1171875
0 0.8125 0.753125 0.0453125 0.078125
0 0.9296875 0.7484375 0.075 0.090625
0 0.834375 0.88984375 0.159375 0.2203125
0 0.49453125 0.45 0.0875 0.1171875
0 0.94140625 0.0765625 0.0546875 0.1203125