2 0.45703125 0.03828125 0.209375 0.0765625
2 0.3859375 0.1640625 0.2140625 0.1453125
2 0.29296875 0.259375 0.1453125 0.1125
2 0.3578125 0.29296875 0.1671875 0.1296875
2 0.17265625 0.3234375 0.203125 0.14375
2 0.40078125 0.62734375 0.19375 0.134375
2 0.26953125 0.66796875 0.1859375 0.13125
2 0.44375 0.725 0.18125 0.10625
2 0.60546875 0.68203125 0.1765625 0.115625
2 0.67890625 0.7375 0.1609375 0.109375
2 0.67734375 0.62578125 0.159375 0.0984375
2 0.47578125 0.5453125 0.1765625 0.115625
2 0.60390625 0.43046875 0.16875 0.115625
2 0.6984375 0.35859375 0.153125 0.0796875
2 0.7328125 0.2828125 0.1078125 0.0546875
2 0.51875 0.77109375 0.159375 0.06875