2 0.33046875 0.1265625 0.0390625 0.059375
2 0.26640625 0.5140625 0.0515625 0.05
2 0.36796875 0.7859375 0.046875 0.0609375
1 0.0234375 0.16953125 0.046875 0.078125
1 0.071875 0.20703125 0.04375 0.0703125
1 0.0234375 0.2359375 0.04375 0.0609375
1 0.21015625 0.37890625 0.046875 0.0640625
1 0.2 0.45 0.0484375 0.0671875
1 0.26328125 0.46953125 0.040625 0.05
1 0.22890625 0.60390625 0.0609375 0.08125
1 0.290625 0.66953125 0.0453125 0.0671875
1 0.30703125 0.59609375 0.0484375 0.059375
1 0.3296875 0.65 0.0453125 0.078125
1 0.37578125 0.659375 0.0484375 0.0703125
1 0.42578125 0.76796875 0.0453125 0.059375
1 0.45546875 0.65703125 0.040625 0.0640625
1 0.378125 0.2734375 0.040625 0.059375
1 0.384375 0.30390625 0.0390625 0.0421875
1 0.29140625 0.14296875 0.0390625 0.053125
1 0.1859375 0.0265625 0.0390625 0.053125
1 0.1453125 0.028125 0.05 0.05625
1 0.54921875 0.0375 0.046875 0.053125
1 0.66953125 0.12109375 0.0390625 0.059375
1 0.69375 0.18046875 0.0359375 0.05625
1 0.7234375 0.1765625 0.04375 0.0640625
1 0.73046875 0.4140625 0.071875 0.10625
1 0.76328125 0.55390625 0.0671875 0.103125
1 0.69609375 0.5890625 0.075 0.10625
1 0.67890625 0.51796875 0.0796875 0.096875
1 0.73828125 0.6109375 0.05 0.078125
1 0.65703125 0.9140625 0.04375 0.084375
1 0.98125 0.7359375 0.0375 0.121875
1 0.940625 0.33046875 0.0265625 0.05
1 0.77421875 0.2609375 0.0359375 0.05
1 0.56796875 0.290625 0.0390625 0.046875
1 0.546875 0.346875 0.0390625 0.05
1 0.4796875 0.11796875 0.0296875 0.046875
1 0.5140625 0.1015625 0.025 0.0421875
1 0.45625 0.05390625 0.05 0.059375