2 0.41640625 0.34453125 0.0859375 0.1296875
2 0.2859375 0.5453125 0.090625 0.128125
2 0.159375 0.70234375 0.1 0.1390625
2 0.43515625 0.8578125 0.0796875 0.1234375
2 0.415625 0.97265625 0.0890625 0.0546875
2 0.02421875 0.91640625 0.0484375 0.146875
2 0.1796875 0.4546875 0.090625 0.121875
2 0.12421875 0.17109375 0.0546875 0.075
2 0.11171875 0.08984375 0.0578125 0.090625
2 0.25390625 0.17734375 0.0609375 0.0953125
2 0.32578125 0.165625 0.0625 0.0734375
2 0.521875 0.6265625 0.0828125 0.1109375
2 0.42890625 0.64296875 0.0890625 0.1203125
2 0.303125 0.66484375 0.0515625 0.090625