1 0.84765625 0.6703125 0.053125 0.065625
1 0.1328125 0.7328125 0.03125 0.04375
1 0.13125 0.753125 0.0296875 0.021875
1 0.18203125 0.82421875 0.0296875 0.0390625
1 0.3734375 0.7140625 0.025 0.0375
1 0.396875 0.80625 0.0421875 0.059375
1 0.9234375 0.6265625 0.05 0.0640625
1 0.94140625 0.68046875 0.0453125 0.053125
1 0.84921875 0.75859375 0.0296875 0.059375
1 0.8234375 0.75546875 0.0328125 0.046875
1 0.28359375 0.40703125 0.03125 0.034375
1 0.42578125 0.4578125 0.0375 0.046875
1 0.7671875 0.79375 0.0328125 0.040625
1 0.4234375 0.78046875 0.0359375 0.0578125
2 0.86484375 0.3828125 0.0390625 0.05
2 0.60703125 0.484375 0.025 0.028125
2 0.39609375 0.40390625 0.0328125 0.05
2 0.80078125 0.71171875 0.0328125 0.0359375
1 0.53203125 0.53671875 0.03125 0.0328125
1 0.58359375 0.4953125 0.0234375 0.03125
1 0.81015625 0.80625 0.034375 0.046875
1 0.775 0.76484375 0.034375 0.0390625
2 0.89296875 0.7625 0.0359375 0.040625
2 0.9875 0.746875 0.0234375 0.046875
2 0.96875 0.6171875 0.0296875 0.059375
2 0.6265625 0.3265625 0.028125 0.0390625
2 0.73203125 0.2828125 0.015625 0.0453125