1 0.03515625 0.0546875 0.0234375 0.03125
1 0.0921875 0.0140625 0.021875 0.028125
1 0.1140625 0.0890625 0.025 0.03125
1 0.06328125 0.12421875 0.0265625 0.0421875
1 0.10234375 0.13671875 0.0265625 0.034375
1 0.4203125 0.0296875 0.0328125 0.046875
1 0.28828125 0.08046875 0.034375 0.0421875
1 0.4859375 0.05078125 0.0421875 0.0703125
1 0.5609375 0.046875 0.0484375 0.0703125
1 0.49375 0.12734375 0.040625 0.046875
1 0.39765625 0.234375 0.0375 0.0625
1 0.49375 0.1859375 0.028125 0.046875
1 0.51875 0.21015625 0.0328125 0.046875
1 0.5328125 0.17734375 0.03125 0.046875
1 0.52109375 0.25 0.0328125 0.0421875
1 0.49765625 0.32109375 0.034375 0.059375
1 0.51953125 0.30078125 0.0265625 0.0359375
1 0.575 0.3 0.015625 0.0296875
1 0.5859375 0.30234375 0.01875 0.0296875
1 0.59296875 0.265625 0.0203125 0.0328125
1 0.603125 0.21328125 0.0421875 0.0703125
1 0.64375 0.4921875 0.04375 0.0671875
1 0.62109375 0.58515625 0.0484375 0.0703125
1 0.14140625 0.51015625 0.0421875 0.0484375
1 0.12109375 0.57734375 0.04375 0.065625
1 0.18828125 0.45703125 0.05625 0.078125
1 0.2828125 0.5296875 0.053125 0.0734375
1 0.23359375 0.46640625 0.040625 0.053125
1 0.0453125 0.815625 0.0421875 0.0578125
1 0.146875 0.76875 0.04375 0.059375
1 0.13984375 0.9578125 0.0328125 0.0484375
1 0.26328125 0.9765625 0.040625 0.046875
1 0.2390625 0.74921875 0.046875 0.0671875
1 0.24375 0.6 0.0390625 0.0625
1 0.2671875 0.62421875 0.0421875 0.065625
1 0.30546875 0.634375 0.0421875 0.0625
1 0.27890625 0.728125 0.04375 0.0640625
1 0.31640625 0.69609375 0.040625 0.0578125
1 0.6484375 0.21484375 0.0546875 0.0734375
1 0.70390625 0.16484375 0.021875 0.028125
1 0.7875 0.10078125 0.0296875 0.04375
1 0.8125 0.0625 0.025 0.040625
1 0.90859375 0.08828125 0.0390625 0.0484375
1 0.80078125 0.14296875 0.028125 0.040625
1 0.81796875 0.1515625 0.0234375 0.040625
1 0.8265625 0.19296875 0.0265625 0.0453125
1 0.85078125 0.21484375 0.0296875 0.0390625
1 0.8328125 0.2328125 0.0296875 0.046875
1 0.74921875 0.60859375 0.0265625 0.034375
1 0.73828125 0.7171875 0.0328125 0.046875
1 0.62265625 0.90859375 0.034375 0.04375
1 0.65078125 0.88828125 0.034375 0.05625
1 0.6875 0.859375 0.0453125 0.06875
1 0.76953125 0.81015625 0.0375 0.0609375
1 0.76953125 0.76328125 0.0265625 0.04375
1 0.87265625 0.93515625 0.0296875 0.040625
1 0.7703125 0.88125 0.0296875 0.05
1 0.92578125 0.66484375 0.0296875 0.046875
1 0.86015625 0.53203125 0.028125 0.04375
1 0.89140625 0.40859375 0.0234375 0.0375
1 0.915625 0.43203125 0.028125 0.0390625
1 0.9921875 0.4953125 0.015625 0.053125
1 0.94765625 0.2234375 0.0265625 0.040625
1 0.753125 0.3375 0.0234375 0.03125
1 0.78515625 0.3125 0.0234375 0.0296875
1 0.7796875 0.2375 0.021875 0.03125