0 0.303125 0.30234375 0.121875 0.1671875
0 0.58984375 0.09609375 0.140625 0.1734375
0 0.3109375 0.05859375 0.1140625 0.1171875
0 0.2265625 0.6703125 0.1015625 0.1734375
0 0.353125 0.6953125 0.075 0.121875
0 0.49375 0.66484375 0.10625 0.1625
0 0.55078125 0.58359375 0.1015625 0.1125
0 0.7265625 0.621875 0.0390625 0.0453125
0 0.7828125 0.70546875 0.075 0.1015625
0 0.8265625 0.21796875 0.0984375 0.1625
2 0.609375 0.3734375 0.2578125 0.3609375
0 0.08984375 0.58359375 0.078125 0.121875
0 0.19921875 0.22109375 0.078125 0.096875
0 0.896875 0.88046875 0.0515625 0.0453125
0 0.7953125 0.62421875 0.059375 0.0515625
0 0.74375 0.26171875 0.0359375 0.0453125
0 0.93515625 0.0453125 0.1140625 0.090625
0 0.33203125 0.1828125 0.1015625 0.1125
0 0.2875 0.7359375 0.090625 0.121875