2 0.53046875 0.41328125 0.0484375 0.0375
2 0.190625 0.4140625 0.0375 0.021875
2 0.47734375 0.51953125 0.0375 0.0328125
2 0.2390625 0.63984375 0.059375 0.028125
2 0.021875 0.70859375 0.040625 0.04375
2 0.2890625 0.52890625 0.0421875 0.025
2 0.2140625 0.44140625 0.0359375 0.021875
2 0.809375 0.48828125 0.025 0.0171875
2 0.775 0.48203125 0.0234375 0.01875
2 0.18203125 0.51640625 0.04375 0.021875
2 0.10390625 0.8390625 0.05 0.040625
2 0.36875 0.42890625 0.025 0.0234375
2 0.16953125 0.3578125 0.0203125 0.0140625
2 0.16953125 0.40546875 0.025 0.0140625