2 0.46484375 0.6921875 0.2015625 0.23125
2 0.36171875 0.79140625 0.18125 0.0671875
2 0.29453125 0.7125 0.134375 0.1671875
2 0.16953125 0.72265625 0.1921875 0.1984375
2 0.659375 0.66484375 0.075 0.1109375
2 0.5734375 0.74609375 0.0640625 0.1109375
2 0.10234375 0.5703125 0.065625 0.1140625
2 0.46015625 0.38203125 0.0640625 0.09375
2 0.41328125 0.18203125 0.065625 0.1140625
2 0.4828125 0.55859375 0.0625 0.0734375
2 0.45234375 0.53671875 0.040625 0.0640625
2 0.20703125 0.546875 0.0359375 0.084375
2 0.57890625 0.4734375 0.065625 0.084375
2 0.6078125 0.42734375 0.071875 0.1015625