2 0.53671875 0.5578125 0.1234375 0.1875
2 0.08984375 0.07109375 0.065625 0.0828125
2 0.18125 0.04140625 0.0796875 0.0828125
2 0.3578125 0.03671875 0.08125 0.0734375
2 0.365625 0.109375 0.0734375 0.11875
2 0.1203125 0.225 0.0859375 0.165625
2 0.05 0.278125 0.053125 0.0953125
2 0.23984375 0.271875 0.06875 0.11875
2 0.60859375 0.26484375 0.109375 0.1625
2 0.5046875 0.34609375 0.046875 0.1484375
2 0.33203125 0.49375 0.09375 0.165625
2 0.28828125 0.56484375 0.075 0.1125
2 0.1125 0.553125 0.0515625 0.065625
2 0.12734375 0.6453125 0.06875 0.0765625
2 0.63203125 0.7265625 0.1046875 0.1578125
2 0.9140625 0.359375 0.096875 0.1390625
2 0.79453125 0.76640625 0.1109375 0.1890625
2 0.628125 0.728125 0.1046875 0.153125
2 0.74453125 0.690625 0.1171875 0.1875
2 0.6921875 0.85390625 0.1015625 0.1625
2 0.978125 0.76796875 0.04375 0.1984375
2 0.13046875 0.65078125 0.059375 0.1015625
2 0.11015625 0.54453125 0.0484375 0.059375
2 0.2375 0.26953125 0.065625 0.125
2 0.52109375 0.93515625 0.0390625 0.0828125
2 0.975 0.7796875 0.0453125 0.234375