0 0.503125 0.47734375 0.15 0.2484375
0 0.22734375 0.38203125 0.0390625 0.08125
0 0.26796875 0.340625 0.021875 0.0453125
0 0.26484375 0.3953125 0.0234375 0.0375
0 0.340625 0.425 0.028125 0.034375
0 0.33671875 0.453125 0.025 0.0390625
0 0.384375 0.5875 0.025 0.0296875
0 0.3484375 0.66484375 0.09375 0.1546875
0 0.390625 0.684375 0.0359375 0.03125
0 0.38125 0.62578125 0.028125 0.03125
0 0.4265625 0.753125 0.0390625 0.040625
0 0.45078125 0.63515625 0.028125 0.040625
0 0.55625 0.6953125 0.0796875 0.1140625
0 0.50703125 0.728125 0.034375 0.046875
0 0.53203125 0.77265625 0.028125 0.040625
0 0.4984375 0.8234375 0.053125 0.0453125
0 0.44921875 0.8265625 0.0390625 0.05
0 0.44921875 0.7796875 0.040625 0.0453125
0 0.42578125 0.86484375 0.115625 0.1328125
0 0.65 0.8578125 0.0359375 0.0609375
0 0.684375 0.8609375 0.04375 0.0640625
0 0.68984375 0.79453125 0.0515625 0.075
0 0.75859375 0.653125 0.1375 0.1765625
0 0.8828125 0.73359375 0.1296875 0.2171875
0 0.7390625 0.73515625 0.0234375 0.0546875
0 0.7671875 0.73984375 0.0265625 0.046875
0 0.77890625 0.7828125 0.01875 0.028125
0 0.7921875 0.74453125 0.028125 0.0515625
0 0.640625 0.64921875 0.0296875 0.0390625
0 0.67109375 0.68671875 0.0265625 0.0421875
0 0.61015625 0.65625 0.03125 0.0734375
0 0.62265625 0.72265625 0.0328125 0.0875
0 0.63515625 0.55546875 0.025 0.046875
0 0.66015625 0.578125 0.0484375 0.0953125
0 0.64921875 0.4890625 0.021875 0.0328125
0 0.675 0.41796875 0.034375 0.08125
0 0.69453125 0.49453125 0.0203125 0.0359375
0 0.62421875 0.43125 0.0359375 0.0765625