1 0.55703125 0.5078125 0.028125 0.0453125
1 0.50703125 0.54453125 0.0265625 0.0375
1 0.51796875 0.5671875 0.0234375 0.03125
1 0.53828125 0.57421875 0.021875 0.0328125
1 0.7875 0.221875 0.009375 0.0140625
1 0.8140625 0.225 0.0109375 0.0140625
1 0.83828125 0.2046875 0.009375 0.0109375
1 0.80390625 0.228125 0.0078125 0.0125
1 0.7828125 0.30625 0.009375 0.0125
2 0.79375 0.2953125 0.009375 0.0140625
2 0.70390625 0.21171875 0.0078125 0.0140625
2 0.753125 0.2640625 0.0078125 0.0125
2 0.675 0.04765625 0.009375 0.0140625
2 0.6953125 0.04921875 0.0109375 0.0125
1 0.7765625 0.01328125 0.0078125 0.0125
2 0.8046875 0.053125 0.0078125 0.015625
2 0.8234375 0.0515625 0.009375 0.015625
2 0.809375 0.06875 0.009375 0.0125
2 0.83125 0.05078125 0.0078125 0.0140625
2 0.85703125 0.06484375 0.0078125 0.0125
2 0.86484375 0.06640625 0.009375 0.0140625
2 0.8734375 0.1453125 0.009375 0.0125
1 0.825 0.2171875 0.009375 0.0125
2 0.8328125 0.25 0.0078125 0.0078125
2 0.871875 0.240625 0.009375 0.0125
2 0.915625 0.11953125 0.009375 0.0125