2 0.1859375 0.11015625 0.0234375 0.034375
2 0.2109375 0.05390625 0.0234375 0.034375
2 0.1328125 0.04140625 0.021875 0.034375
2 0.1046875 0.0671875 0.0203125 0.028125
2 0.2046875 0.12734375 0.01875 0.025
2 0.153125 0.08359375 0.0171875 0.0296875
2 0.2421875 0.23125 0.0171875 0.0328125
2 0.28515625 0.29140625 0.025 0.0296875
2 0.4140625 0.23671875 0.01875 0.028125
2 0.4140625 0.26484375 0.015625 0.0234375
2 0.2984375 0.36796875 0.0171875 0.0296875
2 0.31328125 0.35390625 0.015625 0.021875
2 0.3265625 0.33984375 0.015625 0.0171875
2 0.24765625 0.51953125 0.028125 0.0296875
2 0.19453125 0.52421875 0.0296875 0.0390625
2 0.38203125 0.48046875 0.015625 0.025
2 0.34921875 0.5015625 0.015625 0.021875
2 0.3671875 0.53515625 0.0125 0.021875
2 0.3921875 0.54140625 0.015625 0.025
2 0.359375 0.5671875 0.0171875 0.021875
2 0.409375 0.56953125 0.015625 0.021875
2 0.421875 0.51953125 0.0140625 0.0203125
2 0.4046875 0.59296875 0.015625 0.0234375
2 0.29375 0.609375 0.0140625 0.0125
2 0.303125 0.6265625 0.0125 0.0171875
2 0.08203125 0.4203125 0.0265625 0.0375
2 0.12265625 0.42421875 0.0140625 0.0296875
2 0.67109375 0.4265625 0.01875 0.025
2 0.753125 0.459375 0.015625 0.028125
2 0.8515625 0.540625 0.0296875 0.0359375
2 0.84765625 0.5796875 0.0296875 0.0328125
2 0.89765625 0.41796875 0.021875 0.0328125
2 0.85859375 0.28671875 0.028125 0.034375
2 0.809375 0.2046875 0.021875 0.0328125
2 0.7734375 0.22890625 0.025 0.0328125
2 0.71171875 0.31484375 0.01875 0.021875
2 0.82109375 0.28671875 0.021875 0.0203125