0 0.08828125 0.11953125 0.04375 0.0953125
0 0.10703125 0.053125 0.0296875 0.0390625
0 0.14140625 0.028125 0.0515625 0.05625
0 0.09921875 0.03203125 0.034375 0.0640625
0 0.20703125 0.04453125 0.0359375 0.05625
0 0.2234375 0.01640625 0.053125 0.0328125
0 0.2015625 0.13046875 0.05625 0.05
0 0.08203125 0.27109375 0.053125 0.053125
0 0.209375 0.296875 0.040625 0.078125
0 0.33671875 0.10546875 0.0390625 0.078125
0 0.378125 0.1 0.0390625 0.0828125
0 0.4125 0.1265625 0.0609375 0.0859375
0 0.378125 0.19609375 0.071875 0.053125
0 0.59375 0.25390625 0.0890625 0.08125
0 0.69765625 0.14296875 0.034375 0.046875
0 0.3109375 0.575 0.1453125 0.1890625
0 0.43828125 0.565625 0.1515625 0.203125
0 0.2421875 0.7515625 0.046875 0.059375
0 0.303125 0.6484375 0.0359375 0.053125
0 0.2421875 0.80390625 0.0359375 0.059375
0 0.54140625 0.771875 0.04375 0.084375
0 0.61640625 0.821875 0.0828125 0.221875
0 0.534375 0.8875 0.0453125 0.1421875
0 0.71171875 0.871875 0.08125 0.0671875
0 0.7828125 0.87109375 0.0734375 0.08125
0 0.88515625 0.59296875 0.08125 0.125
0 0.7921875 0.559375 0.0375 0.1140625
0 0.93671875 0.67109375 0.0796875 0.08125
0 0.56796875 0.3375 0.0734375 0.0640625
0 0.684375 0.3390625 0.08125 0.09375
0 0.67890625 0.37109375 0.046875 0.0421875
2 0.459375 0.55 0.2890625 0.434375