2 0.18671875 0.3015625 0.025 0.028125
2 0.221875 0.571875 0.025 0.028125
2 0.1828125 0.6609375 0.028125 0.0296875
2 0.21875 0.66875 0.0296875 0.034375
2 0.3765625 0.4 0.0171875 0.0234375
2 0.28828125 0.56640625 0.021875 0.021875
2 0.390625 0.51875 0.021875 0.0265625
2 0.5 0.3953125 0.0265625 0.0296875
2 0.53515625 0.41953125 0.0234375 0.0265625
2 0.5234375 0.36171875 0.0203125 0.0171875
2 0.30859375 0.77265625 0.0109375 0.0203125
2 0.36015625 0.734375 0.015625 0.021875
2 0.346875 0.7921875 0.0078125 0.0109375
2 0.28671875 0.9640625 0.0265625 0.0359375
2 0.5984375 0.85078125 0.0171875 0.0234375