2 0.19921875 0.6875 0.0140625 0.015625
2 0.35390625 0.83828125 0.009375 0.0171875
2 0.36328125 0.84296875 0.0125 0.0140625
2 0.371875 0.79375 0.0109375 0.0171875
2 0.67109375 0.56171875 0.0125 0.0203125
2 0.62109375 0.62421875 0.0109375 0.0125
2 0.421875 0.58125 0.0140625 0.0125
2 0.44921875 0.58125 0.0109375 0.0125
2 0.60234375 0.70234375 0.0140625 0.015625
2 0.37109375 0.79375 0.0140625 0.015625
2 0.353125 0.83671875 0.009375 0.015625
2 0.36328125 0.84296875 0.0140625 0.0203125
2 0.48046875 0.753125 0.0078125 0.0125
2 0.6015625 0.8296875 0.0109375 0.01875
2 0.67109375 0.86875 0.0140625 0.015625
2 0.66875 0.62109375 0.0078125 0.0140625
2 0.6625 0.57890625 0.009375 0.0109375
2 0.71953125 0.66328125 0.0171875 0.0234375
2 0.81015625 0.61953125 0.0140625 0.0171875
2 0.85078125 0.5703125 0.0109375 0.0140625
2 0.85078125 0.584375 0.0109375 0.0125
1 0.62109375 0.8953125 0.0125 0.0125
1 0.66640625 0.9609375 0.0125 0.015625
1 0.66484375 0.9859375 0.0078125 0.0125