2 0.1390625 0.03125 0.1140625 0.0625
2 0.08515625 0.08046875 0.103125 0.0546875
2 0.403125 0.14765625 0.1015625 0.075
2 0.47265625 0.175 0.078125 0.0625
2 0.2640625 0.30390625 0.1 0.0671875
2 0.175 0.2890625 0.09375 0.05625
2 0.1421875 0.484375 0.1078125 0.0703125
2 0.309375 0.50390625 0.090625 0.071875
2 0.55234375 0.39765625 0.084375 0.0625
2 0.73125 0.3109375 0.1171875 0.071875
2 0.72109375 0.3484375 0.090625 0.0546875
2 0.74921875 0.4203125 0.1015625 0.0671875
2 0.5796875 0.74375 0.0890625 0.0671875
2 0.6921875 0.67265625 0.1046875 0.0625
2 0.9328125 0.5875 0.0546875 0.0578125
2 0.6296875 0.71171875 0.0796875 0.0640625
2 0.575 0.48046875 0.0859375 0.04375
2 0.39921875 0.5140625 0.075 0.0515625
2 0.5078125 0.55 0.06875 0.0515625
2 0.4640625 0.74921875 0.084375 0.0453125
2 0.703125 0.5484375 0.075 0.0515625