2 0.0203125 0.01328125 0.040625 0.0265625
2 0.07890625 0.2109375 0.0390625 0.05
2 0.25390625 0.07890625 0.046875 0.0609375
2 0.36171875 0.0203125 0.04375 0.040625
2 0.34140625 0.22109375 0.0328125 0.04375
2 0.409375 0.3078125 0.0328125 0.046875
2 0.303125 0.35625 0.046875 0.0359375
2 0.08046875 0.303125 0.03125 0.0453125
2 0.39609375 0.58125 0.03125 0.0359375
2 0.04140625 0.728125 0.0296875 0.0328125
2 0.378125 0.77421875 0.0296875 0.0359375
2 0.50703125 0.640625 0.028125 0.0359375
2 0.53046875 0.66484375 0.021875 0.03125
2 0.60234375 0.603125 0.0125 0.0203125
2 0.5421875 0.59921875 0.0140625 0.0296875
2 0.515625 0.375 0.028125 0.0453125
1 0.6359375 0.409375 0.0265625 0.0390625
2 0.80234375 0.43828125 0.03125 0.0390625
2 0.89453125 0.18515625 0.0296875 0.0390625
2 0.61015625 0.17578125 0.03125 0.0421875
2 0.5796875 0.23828125 0.025 0.028125
2 0.64765625 0.26328125 0.0203125 0.028125