2 0.10703125 0.53359375 0.0375 0.0296875
2 0.17421875 0.56875 0.0484375 0.028125
2 0.24375 0.58046875 0.04375 0.028125
2 0.34296875 0.55625 0.034375 0.025
2 0.4890625 0.63359375 0.028125 0.0203125
2 0.6125 0.6625 0.0359375 0.0265625
2 0.6453125 0.67578125 0.028125 0.0265625
2 0.32421875 0.82109375 0.034375 0.034375
1 0.18046875 0.9640625 0.0609375 0.0421875
1 0.378125 0.96640625 0.0296875 0.0203125
2 0.296875 0.8828125 0.0375 0.040625
2 0.19140625 0.878125 0.053125 0.03125
2 0.06484375 0.6484375 0.028125 0.034375
2 0.040625 0.353125 0.028125 0.015625
2 0.87890625 0.63203125 0.04375 0.028125
2 0.80546875 0.57734375 0.0421875 0.028125
2 0.7609375 0.59453125 0.0359375 0.0265625
2 0.7296875 0.46953125 0.040625 0.0234375
2 0.61796875 0.56796875 0.03125 0.028125
2 0.96328125 0.48203125 0.040625 0.0265625
2 0.7875 0.709375 0.040625 0.03125
2 0.72578125 0.77265625 0.04375 0.028125
2 0.671875 0.76875 0.034375 0.028125