1 0.11953125 0.5625 0.028125 0.046875
1 0.1453125 0.5640625 0.025 0.0390625
1 0.12890625 0.60390625 0.028125 0.03125
1 0.16328125 0.62890625 0.0296875 0.03125
1 0.16328125 0.6734375 0.0328125 0.0421875
1 0.1 0.653125 0.0265625 0.0390625
1 0.1 0.69140625 0.0296875 0.034375
1 0.128125 0.709375 0.0265625 0.0421875
1 0.10703125 0.73203125 0.0296875 0.0421875
1 0.19375 0.7234375 0.028125 0.0421875
1 0.190625 0.68359375 0.0265625 0.034375
1 0.22109375 0.696875 0.0171875 0.0390625
1 0.2296875 0.61953125 0.0296875 0.04375
1 0.22109375 0.575 0.025 0.04375
1 0.109375 0.50390625 0.0296875 0.0359375
1 0.2109375 0.4359375 0.0296875 0.0390625
1 0.26640625 0.446875 0.01875 0.0453125
1 0.25390625 0.4890625 0.0296875 0.0390625
1 0.29453125 0.4375 0.01875 0.03125
1 0.3234375 0.434375 0.028125 0.03125
1 0.30390625 0.49140625 0.0265625 0.028125
1 0.34453125 0.60859375 0.021875 0.034375
1 0.37421875 0.65859375 0.0296875 0.04375
1 0.38046875 0.7 0.03125 0.0390625
1 0.2515625 0.79609375 0.0328125 0.0421875
1 0.26171875 0.85546875 0.03125 0.0453125
1 0.290625 0.86796875 0.025 0.0421875
1 0.390625 0.7859375 0.0265625 0.0390625
1 0.415625 0.6859375 0.03125 0.04375
1 0.39375 0.59609375 0.025 0.0359375
1 0.39609375 0.44140625 0.025 0.034375
1 0.51015625 0.5265625 0.028125 0.0359375
1 0.55703125 0.53203125 0.0265625 0.03125
1 0.55390625 0.603125 0.0265625 0.04375
1 0.628125 0.5359375 0.034375 0.05
1 0.5953125 0.375 0.03125 0.0453125
1 0.48671875 0.253125 0.01875 0.0390625
1 0.52578125 0.290625 0.0296875 0.0359375
1 0.390625 0.271875 0.01875 0.0328125
1 0.4046875 0.359375 0.025 0.0359375
1 0.496875 0.82890625 0.0359375 0.046875
1 0.6015625 0.8765625 0.0296875 0.046875
1 0.64140625 0.846875 0.03125 0.05625
1 0.62421875 0.69609375 0.0359375 0.053125
1 0.62109375 0.73203125 0.03125 0.0359375
1 0.70546875 0.69296875 0.0296875 0.046875
1 0.696875 0.571875 0.03125 0.034375
1 0.73515625 0.6734375 0.034375 0.0421875
1 0.796875 0.66640625 0.028125 0.0390625
1 0.78828125 0.8 0.0359375 0.0546875
1 0.82890625 0.8015625 0.03125 0.046875
1 0.8484375 0.81796875 0.0296875 0.046875
1 0.9015625 0.81640625 0.034375 0.05
1 0.9234375 0.74453125 0.0359375 0.05
1 0.659375 0.9015625 0.0296875 0.025
2 0.728125 0.796875 0.0296875 0.034375
1 0.7546875 0.884375 0.0203125 0.03125
1 0.55390625 0.671875 0.0265625 0.0453125
1 0.63984375 0.63359375 0.015625 0.034375
1 0.72421875 0.884375 0.034375 0.03125
1 0.94296875 0.509375 0.01875 0.0421875
1 0.965625 0.53359375 0.03125 0.0390625
1 0.94453125 0.4265625 0.021875 0.0359375
1 0.7703125 0.415625 0.0265625 0.03125
1 0.878125 0.3625 0.015625 0.025
1 0.690625 0.2140625 0.0265625 0.0390625
1 0.70703125 0.1859375 0.0265625 0.0390625
1 0.78671875 0.121875 0.0265625 0.0390625
1 0.81953125 0.1859375 0.025 0.0328125
1 0.73203125 0.3359375 0.0171875 0.028125
1 0.74296875 0.38359375 0.021875 0.0390625
1 0.70546875 0.3359375 0.0296875 0.0453125
1 0.9046875 0.19453125 0.0203125 0.034375
1 0.91484375 0.15546875 0.01875 0.028125
1 0.95546875 0.065625 0.0265625 0.0359375
1 0.8484375 0.028125 0.021875 0.034375
1 0.84921875 0.0734375 0.0203125 0.03125
1 0.84609375 0.1140625 0.0265625 0.028125
1 0.69375 0.01953125 0.025 0.0390625
1 0.71875 0.08359375 0.0296875 0.05
1 0.69453125 0.096875 0.0296875 0.05
1 0.8265625 0.0109375 0.0203125 0.021875
1 0.58671875 0.0484375 0.0296875 0.0421875
1 0.55703125 0.021875 0.0296875 0.04375
1 0.49375 0.0234375 0.025 0.0421875
1 0.51796875 0.096875 0.03125 0.0453125
1 0.459375 0.1515625 0.0296875 0.046875
1 0.2453125 0.01640625 0.025 0.0328125
1 0.259375 0.03046875 0.021875 0.028125
1 0.21796875 0.15859375 0.0203125 0.028125