0 0.2203125 0.33125 0.0578125 0.0765625
0 0.17109375 0.5109375 0.0484375 0.0453125
0 0.16015625 0.4046875 0.0359375 0.0453125
0 0.30859375 0.4421875 0.1640625 0.2
0 0.26015625 0.36640625 0.040625 0.05
0 0.5796875 0.421875 0.21875 0.1875
0 0.7375 0.36015625 0.0984375 0.1421875
0 0.8375 0.45078125 0.1375 0.1109375
0 0.66875 0.5203125 0.1828125 0.1875
0 0.553125 0.70234375 0.21875 0.1421875
0 0.54921875 0.59765625 0.1734375 0.15625
0 0.7578125 0.63359375 0.103125 0.084375
2 0.10859375 0.6484375 0.2171875 0.3375