2 0.23671875 0.31796875 0.01875 0.021875
2 0.24609375 0.253125 0.0140625 0.01875
2 0.390625 0.16484375 0.015625 0.0171875
2 0.52265625 0.24375 0.0171875 0.0265625
2 0.53125 0.390625 0.01875 0.0234375
2 0.48671875 0.4 0.01875 0.028125
2 0.4765625 0.4296875 0.0171875 0.028125
2 0.5234375 0.4359375 0.021875 0.028125
2 0.35078125 0.6671875 0.015625 0.0234375
2 0.203125 0.76640625 0.0140625 0.01875
2 0.83671875 0.5796875 0.0140625 0.0234375
1 0.78359375 0.77109375 0.0171875 0.0265625
2 0.9703125 0.3015625 0.0109375 0.01875
2 0.925 0.425 0.0109375 0.0140625
2 0.90625 0.56640625 0.0109375 0.015625