2 0.361428571875 0.332348596875 0.3578056375 0.3491081609375 0.364945784375 0.359659821875 0.385346221875 0.3564943328125 0.39180636562500004 0.3434806140625 0.38 0.3264401765625 0.361428571875 0.332348596875
2 0.5515227406250001 0.5967220375 0.5498227046874999 0.6164184781250001 0.56682306875 0.6266184109374999 0.5814433921875 0.6234529203125 0.584843465625 0.6083288765625 0.57056316875 0.5921496546875 0.5515227406250001 0.5967220375
2 0 0.915805021875 0.0142857140625 0.8951255546875 0.0142857140625 0.8803545046875 0.0057142859375 0.868537665625 0 0.868537665625 0 0.915805021875
2 0.11550090312500001 0.22612322499999998 0.1223010484375 0.2138129546875 0.10857142812500001 0.197932053125 0.091428571875 0.2008862625 0.08626025468750001 0.21768189062499999 0.11550090312500001 0.22612322499999998
2 0.4468875375 0.32914780781249997 0.42920716875 0.31929959375 0.41322680937499995 0.32738919843750003 0.4098267375 0.3418097953125 0.418666921875 0.3541200671875 0.4383873546875 0.3569338515625 0.445527503125 0.349195965625 0.4468875375 0.32914780781249997
2 0.18 0.7060561296875 0.178571428125 0.720827178125 0.1828571421875 0.72525849375 0.2057142859375 0.722304284375 0.2057142859375 0.6971935 0.188571428125 0.6957163953125 0.18 0.7060561296875
2 0.638571428125 0.6661742984375 0.6271428578125 0.6587887734375 0.6142857140625 0.661742984375 0.6128571421875 0.6868537671875 0.618571428125 0.69128508125 0.6328571421875 0.6883308718750001 0.638571428125 0.680945346875 0.638571428125 0.6661742984375
2 0.388571428125 0.1255539140625 0.3857142859375 0.13441654375 0.39714285781249997 0.15214180156249998 0.4157142859375 0.1491875921875 0.4171428578125 0.1285081234375 0.41285714218749997 0.1225997046875 0.388571428125 0.1255539140625
2 0.40571428593750003 0.466765140625 0.39714285781249997 0.46381093125 0.3857142859375 0.46971935 0.3842857140625 0.4874446078125 0.39 0.4948301328125 0.40571428593750003 0.49630723750000005 0.4142857140625 0.4889217140625 0.40571428593750003 0.466765140625
2 0.7628571421875 0.7577548000000001 0.7642857140625 0.741506646875 0.758571428125 0.735598228125 0.7428571421875 0.735598228125 0.7342857140625 0.7429837515625 0.7328571421875 0.7577548000000001 0.7371428578125 0.7621861156249999 0.7528571421875 0.7636632203125 0.7628571421875 0.7577548000000001
2 0.48857142812500004 0.923190546875 0.49142857187500005 0.9084194984374999 0.4842857140625 0.8995568687500001 0.47000000000000003 0.8966026593749999 0.46285714218749996 0.9039881828125 0.45857142812499996 0.9172821265625 0.4671428578125 0.92614475625 0.4757142859375 0.9290989656249999 0.48857142812500004 0.923190546875
2 0.4342857140625 0.2732644015625 0.4357142859375 0.298375184375 0.4542857140625 0.2998522890625 0.46142857187499997 0.2909896609375 0.45857142812499996 0.2688330875 0.44428571406249995 0.265878878125 0.4342857140625 0.2732644015625
2 0.5 0.7459379609375001 0.49000000000000005 0.741506646875 0.4728571421875 0.748892171875 0.47142857187500004 0.7666174296875 0.4828571421875 0.7740029546875 0.4957142859375 0.77104874375 0.5042857140625 0.7562776953125 0.5 0.7459379609375001
2 0.54727391875 0.2142482625 0.5476885234375 0.23500201875 0.5581541421875 0.2395722578125 0.56911709375 0.23795622968750002 0.5734028078125 0.2202309703125 0.565890115625 0.214607346875 0.54727391875 0.2142482625
2 0.4 0.1861152140625 0.40142857187500003 0.20827178750000003 0.4157142859375 0.21122599687500002 0.43 0.205317578125 0.42714285781249994 0.1816839 0.41 0.1787296890625 0.4 0.1861152140625
2 0.16571428593749998 0.1802067953125 0.16571428593749998 0.16838995625 0.158571428125 0.158050221875 0.1471428578125 0.158050221875 0.13999999999999999 0.171344165625 0.1371428578125 0.192023634375 0.141428571875 0.19497784375 0.151428571875 0.19497784375 0.16571428593749998 0.1802067953125
2 0.4 0.2673559828125 0.3857142859375 0.2673559828125 0.378571428125 0.279172821875 0.38 0.30132939375 0.3928571421875 0.3028065 0.4028571421875 0.2968980796875 0.40571428593750003 0.2762186109375 0.4 0.2673559828125
2 0.3171428578125 0.5568685375 0.3042857140625 0.5568685375 0.29285714218750003 0.567208271875 0.298571428125 0.586410634375 0.3157142859375 0.5893648453125 0.3228571421875 0.5849335296875 0.3257142859375 0.567208271875 0.3171428578125 0.5568685375
2 0.5012016499999999 0.518991475 0.479441178125 0.518991475 0.4709409953125 0.53130174375 0.4750210984375 0.555218840625 0.49474153281250005 0.5587360625 0.5049417515625 0.5517016203125 0.5095914609375 0.53140603125 0.5012016499999999 0.518991475
2 0.44571428593749995 0.9098966031250001 0.42428571406250004 0.9054652875 0.4157142859375 0.9128508125 0.4142857140625 0.9276218609375 0.42285714218750003 0.9350073859375 0.44285714218749994 0.9379615953125 0.448571428125 0.93353028125 0.44571428593749995 0.9098966031250001
2 0.759239978125 0.5651606421875 0.7595799796875 0.5792295249999999 0.7714802359374999 0.5862639640625 0.783380490625 0.5802846875000001 0.7827004875 0.5648089328125 0.7704602281249999 0.5595331031249999 0.759239978125 0.5651606421875
2 0.7871428578125 0.8183161 0.7942857140624999 0.807976365625 0.7928571421874999 0.7917282125 0.781428571875 0.7799113734375 0.771428571875 0.781388478125 0.7657142859375 0.7872968984375001 0.7657142859375 0.8064992609375 0.7742857140625 0.8183161 0.7871428578125 0.8183161
2 0.4328571421875 0.6957163953125 0.4171428578125 0.6971935 0.40857142812499997 0.7090103390625 0.40714285781250004 0.720827178125 0.4157142859375 0.7311669125 0.4342857140625 0.7311669125 0.43857142812500005 0.7060561296875 0.4328571421875 0.6957163953125
2 0.3957142859375 0.5435745937500001 0.3771428578125 0.540620384375 0.368571428125 0.5494830140625 0.3657142859375 0.5612998515625 0.3771428578125 0.57754800625 0.391428571875 0.574593796875 0.398571428125 0.5657311671875 0.3957142859375 0.5435745937500001
2 0.3942857140625 0.0694239296875 0.3942857140625 0.0561299859375 0.3871428578125 0.047267356249999996 0.368571428125 0.0487444609375 0.361428571875 0.0590841953125 0.36 0.0723781390625 0.3671428578125 0.0797636625 0.3842857140625 0.0797636625 0.3942857140625 0.0694239296875
2 0.251360034375 0.6965602796875 0.25278860625 0.677357915625 0.2442171765625 0.6684952859375 0.22993146250000002 0.6684952859375 0.22278860625000002 0.6788350203125 0.2185028921875 0.6936060687500001 0.2270743203125 0.70099159375 0.2456457484375 0.7024686984375 0.251360034375 0.6965602796875
2 0.15 0.2968980796875 0.15714285781249998 0.285081240625 0.1542857140625 0.26440177187499997 0.1471428578125 0.258493353125 0.1271428578125 0.2599704578125 0.12285714218749999 0.2688330875 0.13 0.28212703125 0.1428571421875 0.2968980796875 0.15 0.2968980796875
2 0.44428571406249995 0.8818316093749999 0.44571428593749995 0.8655834562500001 0.43857142812500005 0.8567208265625 0.42000000000000004 0.8552437218750001 0.41285714218749997 0.8611521421875 0.411428571875 0.8774002953125001 0.41857142812500003 0.8877400296875001 0.4342857140625 0.889217134375 0.44428571406249995 0.8818316093749999
2 0.8171428578125 0.5214180203125001 0.8085410359375 0.5194367796875 0.7993608484375 0.5204919421875001 0.7952807453124999 0.5306918875 0.8017408906249999 0.5422987125 0.8114285718750001 0.5435745937500001 0.8185714281250001 0.5361890687499999 0.8171428578125 0.5214180203125001
2 0.6614285718749999 0.38847858125 0.6542857140625 0.358936484375 0.64 0.355982275 0.6257142859375 0.3677991140625 0.628571428125 0.3914327921875 0.6614285718749999 0.38847858125
2 0.7028571421875001 0.71787296875 0.6814285718749999 0.71196455 0.6728571421875 0.720827178125 0.6742857140625 0.74446085625 0.688571428125 0.75184638125 0.7 0.748892171875 0.7071428578125001 0.7326440171875 0.7028571421875001 0.71787296875
2 0.08857142812499999 0.332348596875 0.0871428578125 0.34859675 0.0942857140625 0.3604135890625 0.1157142859375 0.35745937968749997 0.128571428125 0.33973412187499996 0.10714285781249999 0.3205317578125 0.08857142812499999 0.332348596875
2 0.32 0.9542097484375001 0.3071428578125 0.9453471203125 0.288571428125 0.9527326437499999 0.29 0.9807976359374999 0.3042857140625 0.989660265625 0.3142857140625 0.9867060562500001 0.32142857187499996 0.976366321875 0.32 0.9542097484375001
2 0.2071428578125 0.218611521875 0.2057142859375 0.20236336718749998 0.191428571875 0.190546528125 0.17285714218749998 0.19497784375 0.16571428593749998 0.20679468281250002 0.16571428593749998 0.2200886265625 0.178571428125 0.22895125625 0.1928571421875 0.22895125625 0.2071428578125 0.218611521875
2 0.256603903125 0.48928857499999995 0.258571428125 0.4889217140625 0.27142857187499997 0.480059084375 0.27142857187499997 0.45937961562499996 0.2628571421875 0.45199409218750003 0.25 0.4505169859375 0.23571428593750002 0.46381093125 0.23960353906249998 0.47451625625 0.24130357500000002 0.4819024109375 0.256603903125 0.48928857499999995
2 0.121428571875 0.7636632203125 0.12 0.7429837515625 0.10857142812500001 0.7326440171875 0.09 0.7326440171875 0.081428571875 0.7459379609375001 0.08 0.7621861156249999 0.08857142812499999 0.77252585 0.10857142812500001 0.7740029546875 0.121428571875 0.7636632203125
2 0.39609375 0.31796875 0.034375 0.0328125
2 0.4015625 0.35078125 0.034375 0.034375
2 0.421875 0.365625 0.0375 0.0328125
2 0.5601942078125 0.2153034328125 0.5693743921875 0.2145999859375 0.5741344749999999 0.21037932499999998 0.5761745390625 0.20404832499999997 0.5717544343750001 0.1956070125 0.5649542890625 0.190682890625 0.55645410625 0.193144946875 0.55013811875 0.20007000000000003 0.552374028125 0.210027603125 0.5601942078125 0.2153034328125
2 0.3979120859375 0.5751865546875 0.3863518328125 0.5723727828125 0.38601182968750003 0.5727245125 0.3785316796875 0.576945165625 0.37649164218750003 0.5853865 0.37649164218750003 0.5955864453124999 0.3839717921875 0.6005105453125 0.392471975 0.603676046875 0.4057322640625 0.6015657078125 0.41151237656250006 0.5952347140625001 0.41423244531250003 0.5864416625 0.403692225 0.5762417328125 0.3979120859375 0.5751865546875
2 0.354051140625 0.5688555609375 0.3503110640625 0.576945165625 0.347591021875 0.58784855625 0.3520111015625 0.5959381609375 0.36221132031250003 0.6029726015625 0.3720715375 0.6033243171875 0.3758116109375 0.6015657078125 0.37751164843749996 0.5938278343750001 0.3785316796875 0.5808141171875 0.37683164375 0.574483121875 0.3690541734375 0.5723443640625 0.354051140625 0.5688555609375