2 0.12421875 0.1046875 0.03125 0.0359375
2 0.153125 0.13671875 0.028125 0.0203125
2 0.18515625 0.2296875 0.0265625 0.0328125
2 0.1609375 0.2578125 0.0390625 0.0421875
2 0.2078125 0.23671875 0.028125 0.0390625
2 0.22578125 0.234375 0.015625 0.028125
2 0.190625 0.3296875 0.0296875 0.03125
2 0.16171875 0.50546875 0.0234375 0.0234375
2 0.07265625 0.5203125 0.015625 0.01875
2 0.01875 0.50703125 0.034375 0.03125
2 0.0921875 0.5859375 0.0171875 0.01875
2 0.17421875 0.625 0.025 0.025
2 0.19296875 0.64921875 0.01875 0.021875
2 0.30234375 0.41875 0.025 0.0296875
2 0.434375 0.4453125 0.025 0.0328125
2 0.38671875 0.5078125 0.0203125 0.0234375
2 0.3453125 0.4390625 0.0171875 0.01875
2 0.45078125 0.528125 0.025 0.03125
2 0.4078125 0.5734375 0.01875 0.0234375
2 0.3234375 0.659375 0.025 0.0359375
2 0.4859375 0.75234375 0.025 0.03125
2 0.51640625 0.59375 0.025 0.03125
2 0.5421875 0.59453125 0.021875 0.0265625
2 0.590625 0.7328125 0.028125 0.03125
2 0.59453125 0.7765625 0.0203125 0.028125
2 0.70390625 0.72265625 0.0234375 0.0328125
2 0.50625 0.3640625 0.025 0.03125
2 0.60859375 0.37734375 0.028125 0.03125
2 0.6375 0.42578125 0.0234375 0.0328125
2 0.659375 0.44765625 0.0234375 0.028125
2 0.721875 0.48671875 0.01875 0.0265625
2 0.6578125 0.49296875 0.021875 0.0265625
2 0.7515625 0.1171875 0.028125 0.034375
2 0.83671875 0.08203125 0.025 0.03125
2 0.62421875 0.0859375 0.01875 0.0265625
2 0.575 0.1578125 0.0265625 0.034375
2 0.68125 0.17578125 0.025 0.0328125
2 0.7625 0.2296875 0.0234375 0.028125
2 0.80390625 0.14453125 0.03125 0.0359375
2 0.7609375 0.14296875 0.0265625 0.03125
2 0.81953125 0.390625 0.01875 0.025
2 0.803125 0.27265625 0.021875 0.0234375
2 0.81171875 0.51171875 0.01875 0.025
2 0.72734375 0.5640625 0.015625 0.0234375
2 0.715625 0.5734375 0.0203125 0.0296875
2 0.69765625 0.575 0.0203125 0.0328125
2 0.8203125 0.70546875 0.0234375 0.025
2 0.86171875 0.7546875 0.01875 0.028125
2 0.82109375 0.78203125 0.021875 0.0203125
2 0.7859375 0.74765625 0.0171875 0.01875
2 0.9765625 0.8609375 0.0203125 0.0234375
2 0.91328125 0.86328125 0.0171875 0.01875
2 0.92890625 0.87109375 0.0140625 0.01875
2 0.884375 0.8234375 0.0171875 0.021875
2 0.7078125 0.96484375 0.015625 0.021875
2 0.8 0.9359375 0.0125 0.01875
2 0.54296875 0.92421875 0.015625 0.021875
2 0.59140625 0.95703125 0.015625 0.01875
2 0.48203125 0.90078125 0.0140625 0.021875
2 0.34921875 0.77421875 0.021875 0.025
2 0.35546875 0.675 0.028125 0.021875
2 0.11328125 0.8984375 0.01875 0.0234375
2 0.21953125 0.575 0.0203125 0.0234375
2 0.4796875 0.09296875 0.0203125 0.0203125
2 0.22109375 0.13828125 0.021875 0.0328125
2 0.27734375 0.14296875 0.0234375 0.021875
2 0.459375 0.08828125 0.0171875 0.0296875
2 0.25625 0.33515625 0.015625 0.025
2 0.24296875 0.521875 0.01875 0.04375
2 0.23984375 0.61484375 0.0171875 0.0234375
2 0.2703125 0.8125 0.0125 0.015625
2 0.209375 0.8140625 0.0125 0.0171875
2 0.1859375 0.86484375 0.015625 0.015625
2 0.2671875 0.88125 0.015625 0.0203125
2 0.6109375 0.5953125 0.0203125 0.0203125
2 0.59296875 0.70546875 0.0234375 0.028125
2 0.7890625 0.6046875 0.015625 0.0203125
2 0.75078125 0.61171875 0.01875 0.0265625
2 0.78125 0.1921875 0.0234375 0.0296875
2 0.77890625 0.16015625 0.015625 0.025
2 0.73984375 0.1703125 0.0203125 0.025
2 0.6109375 0.28515625 0.0171875 0.025
2 0.734375 0.3109375 0.015625 0.01875
2 0.8640625 0.43046875 0.015625 0.0171875
2 0.91171875 0.41328125 0.0109375 0.0140625