2 0.5578125 0.04140625 0.0609375 0.0828125
1 0.5015625 0.63203125 0.0484375 0.0578125
1 0.4765625 0.584375 0.0359375 0.0578125
2 0.44296875 0.740625 0.0359375 0.053125
1 0.5484375 0.2171875 0.0515625 0.05625
2 0.63125 0.046875 0.0484375 0.08125
2 0.525 0.14140625 0.053125 0.08125
2 0.57578125 0.1171875 0.0359375 0.0578125
2 0.6203125 0.125 0.046875 0.0734375
1 0.64921875 0.38359375 0.03125 0.0390625
1 0.896875 0.1828125 0.078125 0.0953125
2 0.62109375 0.403125 0.0296875 0.0375
2 0.51171875 0.07734375 0.046875 0.071875
2 0.94921875 0.81796875 0.034375 0.0546875
2 0.67890625 0.55078125 0.0296875 0.0328125
1 0.58203125 0.1796875 0.0359375 0.04375
1 0.51875 0.5859375 0.028125 0.04375
2 0.53046875 0.1046875 0.0578125 0.0625