1 0.8125 0.53203125 0.034375 0.0421875
1 0.22109375 0.87578125 0.0359375 0.05
1 0.18984375 0.61796875 0.0375 0.04375
2 0.803125 0.5765625 0.0328125 0.0390625
2 0.70625 0.60546875 0.01875 0.0234375
2 0.69609375 0.528125 0.0171875 0.021875
2 0.88828125 0.7046875 0.0421875 0.04375
2 0.846875 0.75 0.034375 0.04375
1 0.7671875 0.796875 0.015625 0.0234375
1 0.7828125 0.84453125 0.015625 0.0203125
1 0.90390625 0.84609375 0.015625 0.01875
2 0.975 0.8640625 0.034375 0.034375
2 0.87734375 0.28203125 0.03125 0.0296875
2 0.55078125 0.28671875 0.0203125 0.0296875
2 0.50703125 0.39453125 0.0296875 0.0390625
2 0.49453125 0.41953125 0.025 0.0359375
2 0.21328125 0.42421875 0.028125 0.025
2 0.0140625 0.7109375 0.028125 0.0453125
2 0.78046875 0.35234375 0.0171875 0.028125