2 0.12109375 0.53515625 0.103125 0.190625
2 0.021875 0.42109375 0.04375 0.1578125
2 0.27734375 0.6296875 0.096875 0.153125
2 0.31640625 0.7828125 0.1015625 0.1515625
2 0.08046875 0.95078125 0.1078125 0.0984375
2 0.49453125 0.4921875 0.0890625 0.1359375
2 0.4921875 0.58125 0.103125 0.1515625
2 0.45234375 0.64140625 0.071875 0.121875
2 0.5609375 0.5328125 0.09375 0.1421875
2 0.41640625 0.47578125 0.05625 0.1
2 0.68671875 0.103125 0.0859375 0.1421875
2 0.26015625 0.70078125 0.1 0.1390625
2 0.19453125 0.60546875 0.0875 0.128125