0 0.325 0.28828125 0.05 0.103125
0 0.19453125 0.4359375 0.1125 0.18125
0 0.39453125 0.43046875 0.1046875 0.15
0 0.49453125 0.3765625 0.0734375 0.0515625
0 0.5078125 0.3375 0.0765625 0.0671875
0 0.5984375 0.38671875 0.08125 0.071875
0 0.8421875 0.6984375 0.0546875 0.0671875
0 0.84453125 0.7625 0.0734375 0.0828125
0 0.92890625 0.59296875 0.08125 0.103125
0 0.80546875 0.12890625 0.0578125 0.071875
0 0.57109375 0.2578125 0.1265625 0.1546875
0 0.5984375 0.1109375 0.05 0.0984375
0 0.5765625 0.16015625 0.046875 0.103125
0 0.50390625 0.18046875 0.0765625 0.0921875
0 0.14609375 0.309375 0.115625 0.1234375
0 0.16328125 0.0953125 0.1125 0.18125
0 0.1265625 0.20625 0.0703125 0.103125
0 0.0515625 0.178125 0.08125 0.078125
0 0.3 0.365625 0.046875 0.0515625
0 0.359375 0.325 0.0265625 0.0625
2 0.709375 0.675 0.4125 0.546875