2 0.5140625 0.48515625 0.05 0.0765625
2 0.4953125 0.10390625 0.078125 0.1203125
2 0.57421875 0.18828125 0.0671875 0.09375
2 0.8208333328125 0.425622171875 0.7958333328125 0.43269230781249995 0.7802083328125 0.4496606328125 0.7802083328125 0.47087104062499996 0.7875 0.49632352968750004 0.80625 0.507635746875 0.821875 0.507635746875 0.840625 0.49490950156249996 0.8447916671875 0.46662895937500004 0.8447916671875 0.44824660625 0.8354166671875 0.43127828125 0.8208333328125 0.425622171875
2 0.940625 0.44259049843750004 0.925 0.434106334375 0.9083333328125001 0.43693438906250004 0.8916666671875 0.45390271562500006 0.8854166671874999 0.4736990953125 0.8895833328125 0.49490950156249996 0.8958333328125001 0.5132918546874999 0.9145833328125 0.520361990625 0.9333333328125001 0.5189479640625 0.9458333328125 0.49490950156249996 0.9458333328125 0.4694570140625 0.940625 0.44259049843750004
2 0.3895833328125 0.0466628953125 0.40833333281249995 0.0565610859375 0.4270833328125 0.0565610859375 0.446875 0.0395927609375 0.4479166671875 0.014140271874999999 0.44895833281249997 0 0.3760416671875 0.0014140265625 0.3791666671875 0.0296945703125 0.3895833328125 0.0466628953125
2 0.7135416671875 0.43127828125 0.7010416671875 0.44117647031249996 0.69375 0.458144796875 0.6989583328125 0.4736990953125 0.7114583328124999 0.48076923125000004 0.73125 0.49208144843749996 0.7416666671875001 0.479355203125 0.74375 0.4553167421875 0.740625 0.4355203625 0.7291666671875 0.43269230781249995 0.7135416671875 0.43127828125
2 0.3177083328125 0.5627828046875 0.3072916671875 0.5811651578125 0.2989583328125 0.6023755656249999 0.303125 0.6221719453125 0.31875 0.6405542984375 0.3375 0.643382353125 0.3614583328125 0.63772624375 0.36875 0.610859728125 0.36666666718749996 0.5839932125 0.35625 0.57126696875 0.3385416671875 0.565610859375 0.3177083328125 0.5627828046875
2 0.50625 0.8125 0.0546875 0.078125
2 0.55859375 0.61875 0.0328125 0.04375
2 0.45 0.7671875 0.0546875 0.0671875
2 0.36015625 0.68203125 0.0453125 0.0578125
2 0.69375 0.6815610859375 0.6864583328125 0.697115384375 0.6875 0.7140837109375 0.6927083328125 0.7310520359375 0.70625 0.7324660640625 0.721875 0.7225678734375001 0.73125 0.705599546875 0.7270833328124999 0.6886312218749999 0.709375 0.6801470593750001 0.6916666671875 0.6801470593750001 0.69375 0.6815610859375
2 0.584375 0.643382353125 0.5697916671875001 0.6363122171875 0.5541666671875001 0.6462104078124999 0.5541666671875001 0.6688348421875 0.571875 0.6759049781249999 0.5854166671875001 0.6645927609375 0.584375 0.643382353125