1 0.5203125 0.5703125 0.04375 0.0625
1 0.42265625 0.51015625 0.046875 0.0515625
1 0.31484375 0.86796875 0.0265625 0.0421875
1 0.3203125 0.53046875 0.0296875 0.0375
1 0.3453125 0.4078125 0.03125 0.0421875
2 0.178125 0.69765625 0.0359375 0.0390625
1 0.35859375 0.6171875 0.0203125 0.028125
2 0.22734375 0.85859375 0.0171875 0.021875
2 0.153125 0.53515625 0.0140625 0.01875
2 0.103125 0.5078125 0.0140625 0.015625
2 0.071875 0.58984375 0.0125 0.0140625
2 0.05390625 0.60703125 0.01875 0.0171875
2 0.025 0.67734375 0.015625 0.015625
2 0.24140625 0.42578125 0.009375 0.015625
1 0.2203125 0.5390625 0.0109375 0.015625
2 0.20625 0.55546875 0.0109375 0.0125
1 0.19140625 0.5828125 0.0140625 0.0125