1 0.05390625 0.30546875 0.01875 0.021875
1 0.06796875 0.321875 0.0171875 0.021875
1 0.05 0.34296875 0.015625 0.0203125
1 0.09609375 0.3625 0.01875 0.025
1 0.115625 0.3640625 0.0203125 0.021875
1 0.17109375 0.3140625 0.0203125 0.0328125
1 0.2046875 0.14609375 0.0203125 0.03125
1 0.221875 0.16640625 0.01875 0.021875
1 0.24140625 0.15859375 0.0171875 0.021875
1 0.42109375 0.203125 0.0171875 0.021875
1 0.3203125 0.334375 0.015625 0.025
1 0.503125 0.19453125 0.0203125 0.034375
1 0.52578125 0.19609375 0.0265625 0.0359375
1 0.5140625 0.2265625 0.0203125 0.03125
1 0.5359375 0.2359375 0.015625 0.028125
1 0.53359375 0.265625 0.021875 0.03125
1 0.546875 0.34296875 0.0171875 0.0203125
1 0.275 0.5125 0.015625 0.025
1 0.29609375 0.5109375 0.015625 0.021875
1 0.00859375 0.484375 0.0171875 0.0359375
1 0.16484375 0.57890625 0.01875 0.025
1 0.178125 0.61640625 0.01875 0.028125
1 0.19453125 0.6375 0.021875 0.025
1 0.38515625 0.7125 0.01875 0.025
1 0.4015625 0.725 0.01875 0.021875
1 0.44375 0.784375 0.0203125 0.03125
1 0.115625 0.5015625 0.0203125 0.0359375
1 0.275 0.8515625 0.015625 0.0203125
1 0.60078125 0.76796875 0.015625 0.025
1 0.54296875 0.90546875 0.01875 0.028125
1 0.56796875 0.85703125 0.0171875 0.025
1 0.58203125 0.85703125 0.0203125 0.025
1 0.64140625 0.871875 0.0203125 0.028125
1 0.63515625 0.72109375 0.021875 0.03125
1 0.6140625 0.7 0.015625 0.021875
1 0.378125 0.79140625 0.01875 0.021875
1 0.62109375 0.3109375 0.0140625 0.021875
1 0.61015625 0.31796875 0.0125 0.0203125
1 0.56328125 0.36796875 0.015625 0.0203125
1 0.5453125 0.37109375 0.0171875 0.0203125
1 0.646875 0.45703125 0.0171875 0.025
1 0.68984375 0.4625 0.0203125 0.025
1 0.7046875 0.384375 0.0171875 0.0203125
1 0.75625 0.215625 0.0171875 0.025
1 0.95390625 0.5015625 0.01875 0.025
1 0.91796875 0.12109375 0.0203125 0.03125
1 0.93828125 0.19140625 0.0203125 0.028125
1 0.48203125 0.09296875 0.0203125 0.025
1 0.50078125 0.10546875 0.015625 0.0171875
1 0.3515625 0.071875 0.021875 0.028125
1 0.33984375 0.01640625 0.025 0.028125
1 0.25625 0.0640625 0.025 0.0390625
1 0.28046875 0.0265625 0.0203125 0.03125
1 0.29921875 0.0125 0.0234375 0.025
1 0.24140625 0.01953125 0.0203125 0.021875
1 0.259375 0.02109375 0.015625 0.025
1 0.15625 0.0390625 0.025 0.021875
1 0.71171875 0.659375 0.0234375 0.03125
1 0.93984375 0.840625 0.0203125 0.0359375
1 0.934375 0.91953125 0.028125 0.034375
1 0.71328125 0.946875 0.021875 0.028125
1 0.7203125 0.91953125 0.01875 0.028125