0 0.48125 0.2359375 0.1796875 0.2171875
0 0.621875 0.17109375 0.059375 0.059375
0 0.6140625 0.1265625 0.0234375 0.03125
0 0.64140625 0.1265625 0.028125 0.046875
0 0.78203125 0.128125 0.1484375 0.25625
0 0.7703125 0.259375 0.16875 0.146875
0 0.88125 0.14609375 0.0703125 0.075
0 0.8421875 0.1734375 0.0546875 0.0640625
0 0.0234375 0.25 0.046875 0.0890625
0 0.16796875 0.278125 0.059375 0.0609375
0 0.103125 0.41953125 0.0390625 0.0546875
0 0.18046875 0.35 0.05625 0.0609375
0 0.23984375 0.36640625 0.046875 0.0671875
0 0.05546875 0.625 0.1109375 0.25
0 0.2375 0.48046875 0.109375 0.184375
0 0.20546875 0.5875 0.103125 0.1421875
0 0.33203125 0.525 0.13125 0.2453125
0 0.4375 0.53359375 0.1265625 0.221875
2 0.75078125 0.6484375 0.328125 0.4640625
2 0.38828125 0.18203125 0.346875 0.3640625