2 0.14453125 0.81640625 0.0296875 0.034375
2 0.06875 0.378125 0.0328125 0.040625
2 0.1171875 0.4421875 0.0234375 0.0296875
2 0.27265625 0.234375 0.0265625 0.0328125
2 0.3421875 0.259375 0.03125 0.04375
2 0.33984375 0.45625 0.0328125 0.0390625
2 0.47734375 0.41953125 0.0296875 0.0375
2 0.39765625 0.41640625 0.028125 0.034375
2 0.40859375 0.58828125 0.0359375 0.046875
2 0.5921875 0.35078125 0.0328125 0.04375
2 0.5796875 0.3078125 0.028125 0.0328125
2 0.51328125 0.29453125 0.0234375 0.03125
2 0.5078125 0.17109375 0.0265625 0.034375
2 0.54609375 0.03125 0.0265625 0.0359375
2 0.3328125 0.10078125 0.015625 0.0234375
2 0.65625 0.75234375 0.0328125 0.04375
2 0.665625 0.85390625 0.0328125 0.040625
1 0.83515625 0.71328125 0.0359375 0.04375
1 0.9875 0.4796875 0.025 0.0265625
2 0.975 0.290625 0.0296875 0.0328125
2 0.90390625 0.1703125 0.0296875 0.034375
2 0.98125 0.12109375 0.028125 0.0296875
2 0.59765625 0.4328125 0.03125 0.04375
2 0.62265625 0.42734375 0.0265625 0.0359375
2 0.62890625 0.4015625 0.028125 0.034375
2 0.6296875 0.55234375 0.0234375 0.034375
2 0.653125 0.56484375 0.028125 0.0359375
2 0.3859375 0.51171875 0.0265625 0.03125