2 0.528125 0.18203125 0.028125 0.0375
2 0.525 0.8125 0.0234375 0.034375
2 0.5453125 0.3609375 0.0296875 0.0359375
2 0.52265625 0.6859375 0.028125 0.0390625
2 0.36328125 0.3453125 0.0328125 0.0359375
2 0.63125 0.30234375 0.0296875 0.0375
2 0.0796875 0.45 0.0265625 0.0375
2 0.93359375 0.4203125 0.0203125 0.0203125
2 0.1703125 0.33359375 0.03125 0.0359375
2 0.865625 0.7609375 0.0203125 0.0203125
2 0.73984375 0.5171875 0.01875 0.0203125
2 0.64296875 0.61171875 0.0328125 0.0390625
2 0.64765625 0.72109375 0.0171875 0.0203125
2 0.39609375 0.56328125 0.021875 0.0171875
2 0.7921875 0.49296875 0.01875 0.021875
2 0.83515625 0.50234375 0.0171875 0.01875
2 0.5640625 0.821875 0.021875 0.03125
2 0.828125 0.81015625 0.01875 0.015625
2 0.5546875 0.7796875 0.0265625 0.03125
2 0.121875 0.7296875 0.0265625 0.0265625
2 0.43671875 0.60703125 0.0203125 0.0203125
2 0.79453125 0.575 0.01875 0.0203125
2 0.8875 0.7859375 0.021875 0.0234375
2 0.9015625 0.89453125 0.015625 0.01875
2 0.78125 0.88359375 0.0140625 0.015625
2 0.9484375 0.57421875 0.0171875 0.01875
2 0.7046875 0.58046875 0.0234375 0.025
2 0.53984375 0.96640625 0.015625 0.01875
2 0.85078125 0.8921875 0.0125 0.015625
2 0.946875 0.66328125 0.015625 0.015625
2 0.81875 0.7625 0.0171875 0.015625
2 0.853125 0.6890625 0.0171875 0.0234375
2 0.1328125 0.88125 0.01875 0.0328125
2 0.45859375 0.86171875 0.01875 0.015625
2 0.9328125 0.809375 0.01875 0.0265625
2 0.68828125 0.96640625 0.0140625 0.01875
2 0.8078125 0.9265625 0.0125 0.0125
2 0.41640625 0.6453125 0.015625 0.0171875
2 0.38515625 0.2328125 0.021875 0.01875
2 0.94765625 0.7546875 0.021875 0.0265625
2 0.7359375 0.4828125 0.0171875 0.0203125
2 0.5390625 0.43203125 0.015625 0.015625
2 0.8078125 0.88671875 0.0125 0.0140625
2 0.41015625 0.83515625 0.0140625 0.015625
2 0.890625 0.8296875 0.015625 0.0203125
2 0.60546875 0.2859375 0.021875 0.0296875
2 0.71171875 0.61640625 0.01875 0.0265625
2 0.7296875 0.5828125 0.0140625 0.021875
2 0.67109375 0.671875 0.0203125 0.034375
2 0.534375 0.64296875 0.015625 0.028125
2 0.7515625 0.3546875 0.01875 0.01875
2 0.91640625 0.653125 0.0140625 0.015625
2 0.74296875 0.63671875 0.0203125 0.021875
2 0.93125 0.678125 0.015625 0.0234375
2 0.44609375 0.36796875 0.0171875 0.01875
2 0.9234375 0.88984375 0.0140625 0.0140625
2 0.396875 0.80234375 0.015625 0.021875
2 0.378125 0.8203125 0.015625 0.025
2 0.69765625 0.54296875 0.0171875 0.0234375
2 0.86953125 0.65625 0.0125 0.0125
2 0.35625 0.21796875 0.021875 0.028125
2 0.3703125 0.69453125 0.0140625 0.0203125
2 0.87578125 0.59765625 0.0171875 0.0140625
2 0.94375 0.63671875 0.0171875 0.0140625
2 0.5109375 0.6390625 0.01875 0.0234375
2 0.78046875 0.55 0.0125 0.015625
2 0.90078125 0.7203125 0.015625 0.0140625
2 0.9390625 0.671875 0.0140625 0.01875
2 0.796875 0.69609375 0.0140625 0.015625
2 0.58515625 0.73203125 0.015625 0.015625
2 0.07265625 0.54140625 0.0421875 0.040625
2 0.028125 0.465625 0.0421875 0.0296875
2 0.91953125 0.76171875 0.0171875 0.0203125
2 0.9109375 0.77734375 0.0171875 0.0140625
2 0.88984375 0.7640625 0.0171875 0.015625
2 0.89296875 0.77890625 0.015625 0.015625
2 0.85546875 0.50625 0.0171875 0.021875
2 0.65703125 0.64453125 0.015625 0.0234375
2 0.7421875 0.59453125 0.0140625 0.0171875
2 0.73125 0.60390625 0.015625 0.0171875
2 0.73359375 0.528125 0.015625 0.015625
2 0.79140625 0.546875 0.0109375 0.01875
2 0.8046875 0.5359375 0.0109375 0.0125
2 0.84296875 0.51484375 0.0125 0.0140625
2 0.65078125 0.29921875 0.0265625 0.040625
2 0.934375 0.7296875 0.0171875 0.01875
2 0.94609375 0.72578125 0.0125 0.025
2 0.85390625 0.71328125 0.015625 0.01875
2 0.90078125 0.75078125 0.0125 0.0234375
2 0.8375 0.709375 0.0171875 0.015625
2 0.58515625 0.375 0.015625 0.0203125
2 0.5203125 0.42890625 0.009375 0.0171875
2 0.55234375 0.45859375 0.0125 0.021875