1 0.81796875 0.7296875 0.03125 0.0421875
1 0.421875 0.5859375 0.040625 0.0671875
1 0.56328125 0.48125 0.046875 0.0828125
1 0.55234375 0.63671875 0.034375 0.0515625
1 0.94140625 0.675 0.0421875 0.0703125
1 0.290625 0.8203125 0.03125 0.046875
1 0.59609375 0.6734375 0.0390625 0.0515625
1 0.62578125 0.7546875 0.0359375 0.05625
1 0.82421875 0.3703125 0.0375 0.0546875
1 0.84453125 0.075 0.040625 0.065625
1 0.234375 0.29765625 0.0265625 0.0390625
1 0.2515625 0.309375 0.015625 0.0234375
1 0.50703125 0.7984375 0.0265625 0.046875
1 0.565625 0.78046875 0.0234375 0.0390625
1 0.83359375 0.25234375 0.034375 0.053125
1 0.8203125 0.2890625 0.0328125 0.03125
1 0.628125 0.56796875 0.034375 0.06875
1 0.4796875 0.50625 0.0390625 0.065625
1 0.4546875 0.4046875 0.03125 0.0421875
1 0.27578125 0.1015625 0.0171875 0.025
1 0.24765625 0.0328125 0.021875 0.0234375
1 0.37421875 0.1328125 0.0203125 0.0296875
1 0.3421875 0.14453125 0.015625 0.025
1 0.26640625 0.11953125 0.0171875 0.0203125