2 0.70703125 0.29921875 0.1140625 0.0765625
2 0.609375 0.325 0.0609375 0.0453125
2 0.54375 0.32109375 0.0578125 0.0453125
2 0.47890625 0.3515625 0.05625 0.0390625
2 0.515625 0.43359375 0.05 0.0375
2 0.321875 0.31015625 0.05 0.040625
2 0.37421875 0.33203125 0.046875 0.0359375
2 0.1234375 0.2359375 0.06875 0.046875
2 0.0453125 0.29453125 0.0515625 0.0359375
2 0.028125 0.21640625 0.05625 0.0453125
2 0.1796875 0.19296875 0.0359375 0.021875
2 0.24296875 0.68984375 0.05 0.0390625
2 0.12265625 0.8046875 0.0609375 0.0484375
2 0.9171875 0.51484375 0.153125 0.1046875
2 0.97421875 0.64140625 0.0515625 0.0703125
2 0.76328125 0.2640625 0.0953125 0.0609375
0 0.83984375 0.284375 0.053125 0.046875
0 0.68125 0.1609375 0.021875 0.0125
0 0.68671875 0.14765625 0.015625 0.0171875
0 0.70234375 0.15 0.015625 0.015625
0 0.92265625 0.2125 0.0609375 0.0296875
0 0.97734375 0.09140625 0.0140625 0.0125
0 0.990625 0.0875 0.015625 0.0140625
0 0.953125 0.1078125 0.046875 0.040625
0 0.92421875 0.14453125 0.0375 0.028125
0 0.8703125 0.16328125 0.0375 0.028125
0 0.871875 0.1375 0.053125 0.028125
0 0.9265625 0.16953125 0.01875 0.009375
0 0.9828125 0.10546875 0.0171875 0.0140625
0 0.0203125 0.8671875 0.0296875 0.0203125
0 0.0203125 0.84921875 0.0359375 0.0265625
0 0.06796875 0.9109375 0.021875 0.021875
0 0.0921875 0.909375 0.025 0.0234375
0 0.49453125 0.98125 0.028125 0.0359375
0 0.5296875 0.9859375 0.04375 0.028125
0 0.4875 0.815625 0.053125 0.034375
0 0.46640625 0.78046875 0.0234375 0.0125
0 0.48515625 0.78984375 0.01875 0.0140625
0 0.765625 0.67265625 0.0546875 0.0328125
0 0.75078125 0.5375 0.04375 0.0359375
0 0.63984375 0.58359375 0.0359375 0.0265625
0 0.90078125 0.70625 0.05 0.0390625
0 0.96328125 0.82109375 0.021875 0.015625
0 0.99296875 0.82109375 0.0140625 0.0203125
0 0.609375 0.715625 0.059375 0.034375
0 0.60859375 0.753125 0.0390625 0.028125
0 0.53046875 0.6625 0.028125 0.0265625
0 0.64765625 0.43203125 0.03125 0.028125
0 0.65703125 0.4921875 0.034375 0.0203125
0 0.73203125 0.44375 0.034375 0.028125
0 0.559375 0.61015625 0.0234375 0.0203125
0 0.70625 0.69765625 0.03125 0.028125
2 0.89921875 0.746875 0.0359375 0.021875
2 0.7734375 0.78515625 0.0390625 0.034375
0 0.640625 0.67265625 0.0140625 0.009375
0 0.6328125 0.6234375 0.015625 0.0125
0 0.621875 0.6078125 0.015625 0.0125
0 0.53671875 0.5296875 0.0171875 0.0171875
0 0.571875 0.5875 0.021875 0.0109375
0 0.59375 0.6390625 0.01875 0.0203125
0 0.59453125 0.6140625 0.0109375 0.0109375
0 0.60234375 0.41796875 0.0265625 0.021875
0 0.57265625 0.403125 0.0265625 0.021875
2 0.2546875 0.834375 0.0421875 0.0375
0 0.16875 0.97265625 0.021875 0.0171875