2 0.734375 0.540625 0.1828125 0.5296875
0 0.7234375 0.14140625 0.090625 0.25
0 0.53046875 0.08984375 0.071875 0.1765625
0 0.5390625 0.2765625 0.0734375 0.2046875
0 0.525 0.44296875 0.0859375 0.2296875
0 0.453125 0.32890625 0.0578125 0.1546875
0 0.4359375 0.2171875 0.0296875 0.0828125
0 0.45546875 0.13671875 0.0234375 0.040625
0 0.27578125 0.77109375 0.04375 0.1515625
0 0.34375 0.64921875 0.0625 0.1140625
0 0.34921875 0.7171875 0.0171875 0.0515625
0 0.37421875 0.8359375 0.059375 0.1921875
0 0.47109375 0.925 0.0734375 0.15
0 0.42578125 0.890625 0.0234375 0.0453125
0 0.3953125 0.76953125 0.028125 0.0546875
0 0.55703125 0.965625 0.0515625 0.06875
0 0.65625 0.92578125 0.075 0.1484375
0 0.6953125 0.85 0.0703125 0.175
0 0.45625 0.53046875 0.0234375 0.0671875
0 0.5484375 0.67421875 0.0359375 0.075
0 0.5375 0.6046875 0.0265625 0.0421875
0 0.45078125 0.46953125 0.0328125 0.0765625
0 0.74765625 0.22421875 0.0203125 0.0625
0 0.82578125 0.36875 0.021875 0.0515625
0 0.87890625 0.31328125 0.0765625 0.2453125
0 0.96875 0.053125 0.059375 0.10625
0 0.95625 0.11875 0.05 0.11875
0 0.8140625 0.90859375 0.028125 0.0546875
0 0.83984375 0.94453125 0.0453125 0.1109375
0 0.8296875 0.86953125 0.021875 0.05625