2 0.721875 0.15625 0.109375 0.1375
2 0.48671875 0.42734375 0.078125 0.11875
2 0.54453125 0.4921875 0.08125 0.109375
2 0.57578125 0.375 0.0796875 0.1
2 0.59765625 0.53046875 0.090625 0.1296875
2 0.66875 0.48671875 0.0859375 0.0984375
2 0.49296875 0.74921875 0.084375 0.1046875
2 0.73515625 0.7375 0.096875 0.11875
2 0.82421875 0.7921875 0.1 0.1171875
2 0.75078125 0.8609375 0.0703125 0.1046875
2 0.8671875 0.84296875 0.06875 0.1015625
2 0.90859375 0.9734375 0.0640625 0.053125
2 0.865625 0.4796875 0.084375 0.1078125
2 0.971875 0.6703125 0.05625 0.084375
2 0.72421875 0.04453125 0.084375 0.0734375