2 0.97578125 0.225 0.0484375 0.078125
2 0.93359375 0.234375 0.034375 0.06875
2 0.84453125 0.32265625 0.04375 0.0703125
2 0.88671875 0.321875 0.0375 0.065625
2 0.9234375 0.3328125 0.021875 0.0671875
2 0.87578125 0.46640625 0.0515625 0.078125
2 0.96640625 0.5609375 0.0578125 0.08125
2 0.93046875 0.62734375 0.0625 0.0875
2 0.88984375 0.815625 0.065625 0.09375
2 0.871875 0.89921875 0.0703125 0.0984375
2 0.7140625 0.79140625 0.0609375 0.0875
2 0.6109375 0.38046875 0.040625 0.040625
2 0.53828125 0.40234375 0.04375 0.0625
2 0.6 0.43671875 0.04375 0.059375
2 0.5296875 0.47421875 0.04375 0.0625
2 0.5 0.359375 0.028125 0.0375
2 0.4734375 0.38671875 0.0375 0.053125
2 0.4453125 0.48671875 0.046875 0.071875
2 0.33515625 0.39921875 0.0375 0.053125
2 0.3171875 0.428125 0.0359375 0.053125
2 0.340625 0.44921875 0.0328125 0.0453125
2 0.3265625 0.49296875 0.0296875 0.05
2 0.28984375 0.4625 0.0375 0.059375
2 0.284375 0.540625 0.0375 0.0578125
2 0.40234375 0.51015625 0.046875 0.06875
2 0.4015625 0.57421875 0.04375 0.071875
2 0.56875 0.5828125 0.0484375 0.071875
2 0.5203125 0.70234375 0.05625 0.078125
2 0.28125 0.73046875 0.0765625 0.115625
2 0.55390625 0.8015625 0.059375 0.09375
2 0.5875 0.85625 0.0640625 0.078125
2 0.521875 0.840625 0.0609375 0.0953125
2 0.4921875 0.78515625 0.0453125 0.078125
2 0.57578125 0.97734375 0.0609375 0.0453125
2 0.3015625 0.94453125 0.0625 0.09375
2 0.36953125 0.81328125 0.0578125 0.04375
2 0.1765625 0.85703125 0.05625 0.0796875
2 0.140625 0.91015625 0.040625 0.0765625
2 0.14375 0.9734375 0.0375 0.053125
2 0.13203125 0.6484375 0.0375 0.05
2 0.19140625 0.67265625 0.0328125 0.04375
2 0.23125 0.678125 0.0234375 0.034375
2 0.05234375 0.771875 0.0328125 0.05