1 0.46796875 0.24609375 0.0359375 0.053125
1 0.621875 0.4234375 0.0390625 0.046875
1 0.77265625 0.5625 0.046875 0.053125
1 0.85625 0.575 0.046875 0.0546875
1 0.96484375 0.29296875 0.0375 0.0421875
1 0.95390625 0.053125 0.034375 0.0390625
1 0.97734375 0.1109375 0.0375 0.0390625
1 0.96484375 0.153125 0.034375 0.0390625
1 0.20234375 0.42890625 0.0296875 0.0421875
1 0.22265625 0.61640625 0.0375 0.05
1 0.40859375 0.61796875 0.0421875 0.053125
1 0.58671875 0.840625 0.0390625 0.046875
1 0.87734375 0.89453125 0.0421875 0.05
1 0.8125 0.725 0.034375 0.04375
1 0.59609375 0.9015625 0.0375 0.059375
1 0.209375 0.71796875 0.040625 0.053125
1 0.35859375 0.71796875 0.0421875 0.046875
1 0.70234375 0.28359375 0.046875 0.05
1 0.66484375 0.09140625 0.034375 0.0453125
1 0.609375 0.128125 0.0359375 0.0453125
1 0.36796875 0.45859375 0.03125 0.0453125
1 0.36640625 0.53046875 0.034375 0.05