2 0.678125 0.8125 0.2984375 0.3359375
2 0.3015625 0.375 0.2859375 0.3609375
0 0.0234375 0.26640625 0.0421875 0.05625
0 0.1296875 0.31796875 0.0609375 0.059375
0 0.13828125 0.26796875 0.040625 0.0359375
0 0.0765625 0.3015625 0.040625 0.03125
0 0.078125 0.496875 0.1421875 0.15
0 0.08984375 0.38046875 0.1234375 0.1328125
0 0.22109375 0.50390625 0.078125 0.103125
0 0.18046875 0.54453125 0.05 0.0890625
0 0.4421875 0.275 0.053125 0.05
0 0.42109375 0.2484375 0.028125 0.0203125
0 0.309375 0.184375 0.0421875 0.046875
0 0.28515625 0.196875 0.021875 0.028125
0 0.571875 0.2 0.0578125 0.0671875
0 0.57890625 0.246875 0.0375 0.0453125
0 0.58125 0.1375 0.0234375 0.0296875
0 0.65625 0.2015625 0.021875 0.025
0 0.71953125 0.19609375 0.0359375 0.025
0 0.734375 0.25 0.0640625 0.0609375
0 0.82421875 0.096875 0.0453125 0.0671875
0 0.815625 0.046875 0.01875 0.0171875
0 0.80625 0.0140625 0.01875 0.0171875
0 0.85 0.0515625 0.021875 0.025
0 0.875 0.02109375 0.028125 0.025
0 0.94765625 0.084375 0.0484375 0.0640625
0 0.96796875 0.0484375 0.059375 0.046875
0 0.9125 0.04609375 0.0328125 0.03125
0 0.90625 0.0125 0.0359375 0.025
0 0.89453125 0.465625 0.0453125 0.0421875
0 0.878125 0.54609375 0.021875 0.0359375
0 0.91640625 0.828125 0.0453125 0.0453125
0 0.896875 0.87890625 0.040625 0.03125
0 0.05234375 0.21640625 0.1046875 0.1390625
0 0.58984375 0.34140625 0.1828125 0.171875