2 0.653125 0.2234375 0.04375 0.0671875
2 0.4484375 0.32265625 0.0375 0.05
2 0.54453125 0.1421875 0.0390625 0.0546875
2 0.6078125 0.1578125 0.0421875 0.0546875
2 0.7640625 0.17890625 0.0453125 0.0484375
2 0.9046875 0.25625 0.0609375 0.078125
2 0.87265625 0.76640625 0.0484375 0.078125
2 0.915625 0.7375 0.0390625 0.075
2 0.734375 0.72265625 0.0421875 0.0546875
2 0.69765625 0.9265625 0.0453125 0.0671875
2 0.87578125 0.8515625 0.0421875 0.053125
2 0.33984375 0.5 0.0265625 0.040625
2 0.34296875 0.30859375 0.034375 0.0484375
2 0.378125 0.20234375 0.0296875 0.0453125
2 0.38515625 0.12734375 0.034375 0.0453125
2 0.26953125 0.5625 0.0328125 0.05
2 0.3671875 0.4890625 0.025 0.0375
2 0.41171875 0.51875 0.0265625 0.0328125
2 0.3828125 0.5015625 0.028125 0.0421875
2 0.4828125 0.7375 0.021875 0.0296875
2 0.3828125 0.41640625 0.025 0.0421875
2 0.40859375 0.40234375 0.0265625 0.040625
2 0.32421875 0.3578125 0.021875 0.0453125
2 0.315625 0.3125 0.021875 0.0359375
2 0.28203125 0.5046875 0.0296875 0.05
2 0.38046875 0.59765625 0.025 0.0296875
2 0.56640625 0.63515625 0.0234375 0.0296875
2 0.55546875 0.46484375 0.01875 0.025
2 0.6546875 0.84765625 0.0203125 0.0296875
2 0.6125 0.8140625 0.015625 0.0234375
2 0.63203125 0.2609375 0.046875 0.0578125