2 0.47265625 0.06875 0.04375 0.0671875
2 0.57421875 0.06328125 0.0515625 0.0734375
2 0.5375 0.13984375 0.05 0.0765625
2 0.58984375 0.13671875 0.046875 0.05
2 0.7421875 0.040625 0.0359375 0.0578125
2 0.82109375 0.0296875 0.04375 0.059375
2 0.8734375 0.09765625 0.0578125 0.08125
2 0.8296875 0.10234375 0.05625 0.08125
2 0.784375 0.178125 0.0515625 0.08125
2 0.8921875 0.15 0.0421875 0.053125
2 0.64453125 0.25546875 0.0515625 0.06875
2 0.49609375 0.29453125 0.0484375 0.0671875
2 0.53515625 0.315625 0.04375 0.0671875
2 0.48984375 0.38984375 0.046875 0.0671875
2 0.46015625 0.4890625 0.0375 0.0625
2 0.48515625 0.4859375 0.046875 0.0640625
2 0.58828125 0.475 0.046875 0.0671875
2 0.59453125 0.528125 0.0421875 0.0546875
2 0.78671875 0.49609375 0.04375 0.071875
2 0.76015625 0.51875 0.046875 0.0640625
2 0.84375 0.51640625 0.0484375 0.0734375
2 0.9796875 0.553125 0.040625 0.0859375
2 0.8765625 0.890625 0.0515625 0.0765625
2 0.84375 0.84765625 0.0609375 0.090625
2 0.828125 0.8375 0.05625 0.09375
2 0.69296875 0.846875 0.0515625 0.0828125
2 0.69609375 0.88828125 0.0515625 0.08125
2 0.53125 0.68046875 0.0359375 0.05
2 0.528125 0.7328125 0.0265625 0.040625
2 0.48125 0.7875 0.034375 0.0546875
2 0.44140625 0.8265625 0.0359375 0.053125