2 0.49765625 0.12421875 0.0234375 0.0359375
2 0.509375 0.153125 0.025 0.0265625
1 0.721875 0.22421875 0.028125 0.0375
1 0.88671875 0.26015625 0.021875 0.0265625
2 0.8578125 0.33203125 0.0140625 0.015625
2 0.94453125 0.3796875 0.01875 0.021875
2 0.92890625 0.50546875 0.025 0.0296875
2 0.946875 0.48984375 0.0296875 0.03125
2 0.7546875 0.6796875 0.028125 0.0390625
2 0.65703125 0.6796875 0.028125 0.034375
2 0.6828125 0.659375 0.0265625 0.03125
1 0.77734375 0.98046875 0.025 0.0359375
1 0.9703125 0.85703125 0.01875 0.025
1 0.56171875 0.6390625 0.021875 0.025
2 0.44921875 0.809375 0.0265625 0.0359375
1 0.49921875 0.81953125 0.01875 0.0234375
1 0.42734375 0.9484375 0.0203125 0.03125
1 0.32734375 0.9359375 0.015625 0.0265625
1 0.31328125 0.89296875 0.0234375 0.0296875
2 0.34140625 0.8296875 0.0234375 0.0328125
2 0.3984375 0.78125 0.025 0.03125
2 0.39921875 0.7515625 0.0265625 0.03125
2 0.3828125 0.740625 0.009375 0.025
1 0.2125 0.75 0.01875 0.0234375
1 0.2328125 0.73359375 0.015625 0.0234375
1 0.196875 0.75234375 0.0140625 0.015625
1 0.24140625 0.57734375 0.0203125 0.0234375
1 0.32734375 0.4609375 0.015625 0.015625
1 0.27421875 0.60390625 0.0171875 0.015625
2 0.265625 0.66015625 0.0125 0.025
2 0.221875 0.64453125 0.0140625 0.0171875
2 0.23515625 0.64921875 0.015625 0.01875
2 0.165625 0.52734375 0.0171875 0.021875
2 0.17421875 0.53515625 0.015625 0.01875
2 0.1828125 0.48984375 0.0203125 0.025
2 0.25546875 0.46484375 0.0171875 0.0234375
2 0.1921875 0.459375 0.015625 0.0203125
2 0.1765625 0.44453125 0.0140625 0.01875
2 0.18125 0.40859375 0.0171875 0.0203125
2 0.38203125 0.4625 0.0234375 0.028125
1 0.403125 0.5375 0.0203125 0.025
1 0.346875 0.53046875 0.0140625 0.0125
1 0.478125 0.3421875 0.028125 0.03125
1 0.48984375 0.365625 0.0171875 0.0171875
2 0.40546875 0.32265625 0.0171875 0.0203125
2 0.48125 0.29296875 0.021875 0.01875
1 0.684375 0.82578125 0.0234375 0.0296875