2 0.028125 0.24609375 0.03125 0.05
2 0.12265625 0.1453125 0.0234375 0.0265625
2 0.359375 0.04375 0.0375 0.0421875
2 0.41328125 0.07109375 0.0265625 0.0375
2 0.3390625 0.16875 0.0296875 0.0375
2 0.2453125 0.26796875 0.0234375 0.0296875
2 0.228125 0.321875 0.034375 0.0359375
2 0.090625 0.25234375 0.0265625 0.0375
2 0.0125 0.20703125 0.025 0.034375
2 0.03671875 0.7328125 0.0609375 0.0859375
2 0.04140625 0.81171875 0.0515625 0.0640625
2 0.11328125 0.91640625 0.040625 0.0734375
2 0.13984375 0.87421875 0.040625 0.0546875
2 0.17421875 0.934375 0.0515625 0.0734375
2 0.23046875 0.9484375 0.04375 0.0671875
2 0.17890625 0.9859375 0.04375 0.028125
2 0.25390625 0.8171875 0.0359375 0.053125
2 0.27109375 0.79375 0.03125 0.040625
2 0.29921875 0.81484375 0.03125 0.0484375
2 0.45546875 0.9078125 0.0515625 0.0859375
2 0.4296875 0.6453125 0.0421875 0.059375
2 0.390625 0.64375 0.0265625 0.0390625
2 0.36796875 0.6015625 0.0140625 0.028125
2 0.38671875 0.5296875 0.028125 0.03125
2 0.38671875 0.6015625 0.015625 0.025
2 0.403125 0.3921875 0.0484375 0.0671875
2 0.3515625 0.3953125 0.01875 0.0265625
2 0.3515625 0.36328125 0.0234375 0.0359375
2 0.53046875 0.4953125 0.0515625 0.075
2 0.465625 0.55859375 0.04375 0.0578125
2 0.5140625 0.5796875 0.0578125 0.078125
2 0.68203125 0.6078125 0.0203125 0.028125
2 0.709375 0.578125 0.015625 0.01875
2 0.69765625 0.61640625 0.0203125 0.028125
2 0.63203125 0.2453125 0.0203125 0.028125
2 0.62734375 0.18984375 0.01875 0.025
1 0.67421875 0.4125 0.0171875 0.028125
1 0.6953125 0.32109375 0.0234375 0.0390625
1 0.70546875 0.3453125 0.021875 0.0296875
1 0.67890625 0.1625 0.05 0.0734375
1 0.71640625 0.1796875 0.0296875 0.0421875
1 0.7359375 0.21328125 0.0328125 0.0390625
1 0.76796875 0.25078125 0.0515625 0.0734375
1 0.79453125 0.2796875 0.04375 0.0484375
1 0.81328125 0.246875 0.0546875 0.0671875
1 0.81484375 0.45078125 0.046875 0.05625
1 0.92734375 0.2796875 0.0515625 0.071875
1 0.90859375 0.40546875 0.040625 0.0484375
1 0.94921875 0.40859375 0.034375 0.05
1 0.9015625 0.4890625 0.0375 0.0453125
1 0.97890625 0.4546875 0.0421875 0.059375
1 0.95234375 0.50703125 0.034375 0.0421875
1 0.89609375 0.5796875 0.025 0.0359375
1 0.96328125 0.54921875 0.0375 0.05625
1 0.965625 0.6046875 0.0375 0.0515625
1 0.98671875 0.57734375 0.0265625 0.0453125
2 0.86171875 0.5421875 0.0140625 0.0203125
2 0.896875 0.66484375 0.0171875 0.0234375
1 0.86328125 0.70703125 0.0328125 0.034375
1 0.51171875 0.25703125 0.0578125 0.0765625