2 0.06796875 0.20546875 0.0296875 0.0359375
2 0.09453125 0.26796875 0.0421875 0.0640625
2 0.0171875 0.25546875 0.025 0.040625
2 0.29921875 0.2734375 0.040625 0.065625
2 0.0328125 0.38125 0.0453125 0.0609375
2 0.0234375 0.4125 0.046875 0.053125
2 0.06015625 0.40078125 0.0328125 0.05625
2 0.39765625 0.3109375 0.028125 0.0390625
2 0.3484375 0.378125 0.0296875 0.025
2 0.521875 0.4921875 0.0359375 0.0578125
2 0.5890625 0.2765625 0.0359375 0.053125
2 0.6328125 0.33984375 0.0390625 0.0484375
2 0.646875 0.3984375 0.040625 0.05625
2 0.6640625 0.50234375 0.0359375 0.0484375
2 0.70703125 0.4421875 0.0375 0.0578125
2 0.69609375 0.53125 0.03125 0.05625
2 0.82109375 0.57109375 0.028125 0.0390625
2 0.80859375 0.42890625 0.0203125 0.0453125
2 0.56171875 0.56171875 0.034375 0.0390625
2 0.51015625 0.609375 0.034375 0.0609375
2 0.66796875 0.72578125 0.0375 0.0625
2 0.78203125 0.7390625 0.034375 0.05
2 0.8390625 0.7515625 0.028125 0.0453125
2 0.79140625 0.7671875 0.034375 0.0296875
2 0.75234375 0.809375 0.0390625 0.05625
2 0.728125 0.83828125 0.0359375 0.0625
2 0.79609375 0.88359375 0.0390625 0.0578125
2 0.76953125 0.91484375 0.0390625 0.0609375
2 0.87109375 0.9609375 0.0328125 0.04375
2 0.634375 0.87109375 0.0328125 0.0484375
2 0.61796875 0.83203125 0.0359375 0.05625
2 0.62109375 0.7796875 0.0328125 0.0453125
2 0.5171875 0.790625 0.0359375 0.0484375
2 0.4671875 0.828125 0.0359375 0.0578125
2 0.3171875 0.7421875 0.0484375 0.0703125
2 0.090625 0.63046875 0.0453125 0.0671875
2 0.059375 0.634375 0.0359375 0.0703125
2 0.0421875 0.8609375 0.03125 0.053125