0 0.58125 0.36640625 0.0546875 0.084375
0 0.63828125 0.45390625 0.096875 0.08125
0 0.56484375 0.40546875 0.0578125 0.0671875
0 0.5546875 0.465625 0.0515625 0.0640625
0 0.47421875 0.5125 0.15625 0.159375
0 0.6453125 0.5484375 0.0625 0.109375
0 0.59453125 0.5 0.059375 0.05
0 0.57890625 0.5390625 0.0546875 0.05625
0 0.66171875 0.665625 0.153125 0.125
0 0.60234375 0.77109375 0.16875 0.1640625
0 0.72421875 0.79609375 0.1125 0.08125
0 0.75 0.715625 0.08125 0.0640625
0 0.81328125 0.52890625 0.0890625 0.0921875
0 0.74765625 0.515625 0.075 0.075
0 0.803125 0.6265625 0.0828125 0.0640625
0 0.79921875 0.57890625 0.0703125 0.053125
0 0.76171875 0.8734375 0.078125 0.103125