2 0.553125 0.53671875 0.0359375 0.05625
2 0.225 0.5546875 0.04375 0.0546875
2 0.3203125 0.4234375 0.0375 0.0609375
2 0.2546875 0.39296875 0.034375 0.0421875
2 0.4609375 0.6296875 0.025 0.03125
2 0.33671875 0.61171875 0.0296875 0.0421875
2 0.78984375 0.13984375 0.0375 0.05
2 0.75859375 0.16484375 0.03125 0.0421875
2 0.8109375 0.76953125 0.034375 0.0515625
2 0.8359375 0.82734375 0.0390625 0.0421875
2 0.90546875 0.678125 0.0265625 0.046875
2 0.715625 0.0359375 0.025 0.0375
2 0.73984375 0.115625 0.0203125 0.0265625
2 0.5421875 0.21796875 0.025 0.0359375
2 0.596875 0.09921875 0.0140625 0.021875
2 0.453125 0.14453125 0.021875 0.04375
2 0.8234375 0.3171875 0.015625 0.025
2 0.94453125 0.2453125 0.0203125 0.0203125