2 0.57734375 0.6046875 0.034375 0.0546875
2 0.275 0.9828125 0.0234375 0.034375
2 0.459375 0.51328125 0.0234375 0.040625
2 0.303125 0.95078125 0.03125 0.0484375
2 0.93203125 0.08984375 0.0453125 0.0515625
2 0.50078125 0.4609375 0.0359375 0.0453125
2 0.3265625 0.865625 0.0359375 0.0546875
2 0.103125 0.153125 0.034375 0.0328125
2 0.10234375 0.32265625 0.034375 0.034375
2 0.59921875 0.2390625 0.028125 0.05
2 0.83671875 0.971875 0.0421875 0.05625
2 0.81328125 0.89609375 0.0390625 0.05625
2 0.5359375 0.54296875 0.0359375 0.0390625
2 0.25 0.62265625 0.0203125 0.028125
2 0.38671875 0.52578125 0.028125 0.0359375
2 0.4875 0.53203125 0.03125 0.0390625
2 0.80546875 0.75 0.0328125 0.040625
2 0.871875 0.7484375 0.065625 0.078125
1 0.8890625 0.284375 0.025 0.0375
2 0.12265625 0.4390625 0.028125 0.03125
2 0.76171875 0.06796875 0.028125 0.040625
2 0.01328125 0.89921875 0.0265625 0.0296875
2 0.91640625 0.2921875 0.028125 0.03125
2 0.44140625 0.4 0.0265625 0.03125
1 0.353125 0.33046875 0.0171875 0.021875
1 0.95234375 0.5203125 0.0359375 0.0421875
2 0.89921875 0.046875 0.034375 0.034375
2 0.1484375 0.815625 0.0265625 0.03125
2 0.76640625 0.5390625 0.03125 0.040625
2 0.5328125 0.1859375 0.028125 0.046875
2 0.3578125 0.43359375 0.021875 0.025
2 0.9796875 0.3125 0.025 0.0265625
2 0.984375 0.12890625 0.03125 0.0296875
2 0.85390625 0.5046875 0.0328125 0.040625
2 0.50859375 0.76640625 0.0140625 0.03125
2 0.990625 0.44296875 0.0171875 0.025
2 0.41875 0.64765625 0.0109375 0.015625
2 0.578125 0.2796875 0.01875 0.025
2 0.2015625 0.74453125 0.0125 0.01875
2 0.4984375 0.2453125 0.0203125 0.0296875
2 0.37890625 0.38671875 0.0140625 0.0203125
2 0.4296875 0.6359375 0.009375 0.0125
2 0.2046875 0.79453125 0.01875 0.0234375
2 0.26796875 0.5484375 0.009375 0.015625
2 0.37109375 0.5953125 0.0125 0.015625
2 0.8578125 0.4359375 0.021875 0.01875
2 0.88125 0.46484375 0.0234375 0.028125
2 0.9171875 0.4703125 0.0265625 0.0296875
2 0.98515625 0.77265625 0.0296875 0.0359375