2 0.028125 0.3203125 0.034375 0.021875
2 0.140625 0.30859375 0.0203125 0.0171875
2 0.1171875 0.33671875 0.025 0.0171875
2 0.31875 0.35859375 0.03125 0.021875
2 0.51328125 0.3359375 0.0296875 0.021875
2 0.190625 0.4375 0.0234375 0.0171875
2 0.315625 0.46328125 0.021875 0.0125
2 0.38828125 0.50078125 0.0296875 0.0203125
2 0.48828125 0.5484375 0.025 0.01875
2 0.2859375 0.5875 0.034375 0.021875
2 0.44375 0.55234375 0.0234375 0.015625
2 0.19921875 0.61640625 0.03125 0.0203125
2 0.05859375 0.65 0.01875 0.0125
2 0.1140625 0.7234375 0.0375 0.0203125
2 0.18125 0.73671875 0.03125 0.01875
2 0.03125 0.78828125 0.0359375 0.0234375
2 0.30703125 0.76875 0.03125 0.0203125
2 0.2875 0.78828125 0.028125 0.015625
2 0.31328125 0.86171875 0.0265625 0.021875
2 0.38671875 0.9125 0.0234375 0.0171875
2 0.37421875 0.9328125 0.0234375 0.01875
2 0.4984375 0.71875 0.0265625 0.01875
2 0.57578125 0.8140625 0.01875 0.0140625
2 0.5328125 0.85 0.0203125 0.0171875
2 0.5109375 0.865625 0.0203125 0.015625
2 0.575 0.8875 0.0234375 0.01875
2 0.59765625 0.88125 0.01875 0.0140625
2 0.5265625 0.90390625 0.0203125 0.015625
2 0.93125 0.35625 0.0234375 0.0171875
2 0.97109375 0.6625 0.0328125 0.021875
2 0.95625 0.76953125 0.01875 0.0125
2 0.990625 0.8484375 0.01875 0.015625
2 0.9859375 0.87890625 0.028125 0.0171875
2 0.83125 0.80625 0.0203125 0.015625
2 0.54921875 0.38828125 0.0109375 0.00625
2 0.58828125 0.3609375 0.0078125 0.00625
2 0.58203125 0.3734375 0.0078125 0.00625
2 0.596875 0.3734375 0.0078125 0.00625
2 0.5421875 0.39375 0.0078125 0.00625
2 0.5703125 0.38671875 0.0078125 0.0046875
2 0.81640625 0.9421875 0.025 0.015625
2 0.253125 0.37578125 0.0234375 0.0140625
2 0.27578125 0.371875 0.021875 0.0140625
2 0.22421875 0.57890625 0.03125 0.0203125
2 0.4734375 0.78046875 0.015625 0.0125
2 0.4734375 0.759375 0.0140625 0.009375
2 0.54296875 0.8171875 0.0203125 0.0140625
2 0.41484375 0.79453125 0.0140625 0.009375
2 0.40234375 0.78984375 0.015625 0.0109375
2 0.41875 0.8046875 0.0125 0.009375
2 0.36640625 0.88671875 0.021875 0.0171875
2 0.06796875 0.83203125 0.0171875 0.0140625
2 0.11875 0.62265625 0.015625 0.0109375