0 0.4828125 0.3515625 0.2734375 0.2921875
0 0.3453125 0.328125 0.18125 0.271875
0 0.2453125 0.19140625 0.05 0.05625
0 0.22421875 0.240625 0.071875 0.0703125
0 0.21328125 0.24453125 0.0421875 0.05
0 0.25078125 0.3109375 0.053125 0.0546875
0 0.30546875 0.24296875 0.0390625 0.053125
0 0.3328125 0.521875 0.096875 0.078125
0 0.40078125 0.65 0.0921875 0.128125
0 0.47890625 0.55546875 0.1890625 0.2609375
0 0.61328125 0.459375 0.096875 0.109375
0 0.53828125 0.428125 0.05 0.084375
0 0.79453125 0.540625 0.0984375 0.1140625
0 0.72734375 0.5109375 0.0515625 0.084375
0 0.6234375 0.675 0.2453125 0.3953125
0 0.54140625 0.73359375 0.0640625 0.09375
0 0.734375 0.6015625 0.05 0.0640625