1 0.1578125 0.2078125 0.0375 0.025
1 0.50625 0.1484375 0.0359375 0.028125
1 0.46328125 0.215625 0.0359375 0.0265625
1 0.75234375 0.17578125 0.0390625 0.028125
1 0.8734375 0.15078125 0.05 0.0390625
1 0.8546875 0.11484375 0.0296875 0.0203125
1 0.58671875 0.36328125 0.034375 0.015625
1 0.83359375 0.45546875 0.040625 0.028125
1 0.9078125 0.55703125 0.0421875 0.0328125
1 0.68984375 0.68828125 0.0390625 0.028125
1 0.7390625 0.71953125 0.0390625 0.028125
1 0.13515625 0.90078125 0.028125 0.028125
1 0.01875 0.8953125 0.03125 0.0265625
1 0.25234375 0.47421875 0.0328125 0.021875
1 0.29765625 0.48125 0.0390625 0.028125
1 0.178125 0.45390625 0.025 0.01875
1 0.015625 0.521875 0.03125 0.025
1 0.071875 0.46796875 0.0265625 0.01875
1 0.17734375 0.384375 0.028125 0.0171875
1 0.1328125 0.6640625 0.0328125 0.021875
1 0.2578125 0.63671875 0.0328125 0.0234375
1 0.7796875 0.24765625 0.0359375 0.0328125
2 0.0671875 0.096875 0.04375 0.0328125
1 0.02109375 0.10390625 0.028125 0.0203125
2 0.22109375 0.053125 0.0359375 0.0265625
2 0.15078125 0.04921875 0.04375 0.0296875
2 0.203125 0.1046875 0.0359375 0.021875
2 0.203125 0.15 0.03125 0.0328125
2 0.27265625 0.17890625 0.0546875 0.0296875
2 0.14375 0.16953125 0.0453125 0.0328125
2 0.015625 0.1328125 0.03125 0.025
2 0.21875 0.26328125 0.046875 0.0328125
2 0.259375 0.2578125 0.034375 0.0265625
2 0.5875 0.09375 0.04375 0.0296875
2 0.484375 0.13359375 0.0390625 0.021875
2 0.92421875 0.30546875 0.034375 0.0234375
2 0.9640625 0.10703125 0.046875 0.0265625
2 0.1875 0.5296875 0.03125 0.0265625
2 0.23671875 0.36015625 0.0359375 0.015625
2 0.1203125 0.6265625 0.046875 0.0359375
2 0.2546875 0.7203125 0.04375 0.034375
2 0.4265625 0.63203125 0.04375 0.034375
2 0.50078125 0.7171875 0.046875 0.028125
2 0.0796875 0.8609375 0.0390625 0.0265625
2 0.18671875 0.87265625 0.0359375 0.01875
2 0.11015625 0.89765625 0.0390625 0.028125
2 0.4765625 0.615625 0.0296875 0.015625
2 0.45625 0.18671875 0.0328125 0.0140625
2 0.62578125 0.15859375 0.0390625 0.0171875
2 0.565625 0.0390625 0.0359375 0.021875
2 0.990625 0.02734375 0.01875 0.0234375