2 0.09609375 0.49921875 0.0109375 0.01875
2 0.04375 0.4734375 0.009375 0.01875
2 0.13984375 0.45078125 0.009375 0.0140625
2 0.18984375 0.37109375 0.0125 0.0140625
2 0.20859375 0.35625 0.0109375 0.0140625
2 0.2265625 0.34765625 0.0109375 0.015625
2 0.23125 0.36640625 0.0109375 0.0140625
2 0.15234375 0.4 0.0109375 0.021875
2 0.1671875 0.3890625 0.009375 0.015625
2 0.2125 0.4625 0.009375 0.0171875
2 0.221875 0.47265625 0.009375 0.0140625
2 0.29140625 0.4984375 0.0109375 0.0125
2 0.234375 0.5421875 0.0109375 0.0125
2 0.1984375 0.54921875 0.0109375 0.0109375
2 0.1078125 0.51015625 0.0140625 0.0171875
2 0.11015625 0.56640625 0.0140625 0.015625
2 0.15625 0.8046875 0.0125 0.0171875
2 0.1453125 0.80390625 0.0078125 0.015625
2 0.1578125 0.7859375 0.009375 0.01875
2 0.084375 0.70078125 0.0109375 0.0171875
2 0.11171875 0.70078125 0.0140625 0.0203125
2 0.13125 0.66875 0.0140625 0.015625
2 0.1390625 0.64921875 0.0140625 0.01875
2 0.16640625 0.6625 0.0109375 0.015625
2 0.16875 0.7125 0.0140625 0.01875
2 0.20078125 0.7375 0.0140625 0.01875
2 0.23359375 0.69453125 0.0109375 0.015625
2 0.23515625 0.6578125 0.0125 0.015625
2 0.2703125 0.66328125 0.0078125 0.0125
2 0.27578125 0.56875 0.0109375 0.0171875
2 0.11875 0.44375 0.0046875 0.0125
2 0.16171875 0.44296875 0.009375 0.0171875
2 0.17265625 0.49375 0.009375 0.0140625
2 0.1890625 0.321875 0.009375 0.015625
2 0.1765625 0.340625 0.00625 0.009375
2 0.1828125 0.55390625 0.0140625 0.015625
2 0.040625 0.51796875 0.0140625 0.0171875
2 0.1296875 0.50546875 0.0140625 0.021875
2 0.0984375 0.63359375 0.0140625 0.015625
2 0.10625 0.66953125 0.00625 0.0109375
2 0.23125 0.4703125 0.009375 0.0140625
2 0.28359375 0.44140625 0.0109375 0.0171875
2 0.29140625 0.5375 0.009375 0.0125
2 0.34296875 0.61953125 0.00625 0.009375
2 0.3421875 0.6296875 0.0046875 0.009375
2 0.3890625 0.41875 0.00625 0.0109375
2 0.38984375 0.40859375 0.0046875 0.0078125
2 0.39609375 0.40234375 0.00625 0.0109375
2 0.34765625 0.465625 0.00625 0.0078125
2 0.33671875 0.47890625 0.00625 0.0078125
2 0.296875 0.45859375 0.00625 0.009375
2 0.35703125 0.4421875 0.00625 0.009375
2 0.35859375 0.45625 0.0046875 0.0078125
2 0.36015625 0.4890625 0.00625 0.009375
2 0.35234375 0.48828125 0.0078125 0.0078125
2 0.35078125 0.50703125 0.00625 0.009375
2 0.35859375 0.63125 0.0046875 0.00625
2 0.35 0.628125 0.00625 0.009375
2 0.35078125 0.6109375 0.0078125 0.0125
2 0.3875 0.48046875 0.0046875 0.0078125
2 0.4 0.48125 0.00625 0.009375
2 0.38671875 0.4890625 0.0046875 0.00625
2 0.4046875 0.4515625 0.0046875 0.009375
2 0.4125 0.45390625 0.0078125 0.009375
2 0.4078125 0.45390625 0.0046875 0.0078125
2 0.421875 0.47265625 0.00625 0.0078125
2 0.3875 0.51328125 0.0046875 0.0046875
2 0.44375 0.51875 0.0046875 0.00625
2 0.3953125 0.384375 0.0046875 0.0078125
2 0.4046875 0.39765625 0.00625 0.00625
2 0.41171875 0.39140625 0.0046875 0.00625
2 0.37578125 0.41328125 0.0046875 0.0078125
2 0.3453125 0.43125 0.00625 0.0078125
2 0.340625 0.51875 0.00625 0.009375
2 0.63515625 0.45 0.00625 0.009375
2 0.684375 0.43359375 0.0046875 0.009375
2 0.69921875 0.41953125 0.0078125 0.009375
2 0.6421875 0.51640625 0.00625 0.0109375
2 0.73828125 0.5109375 0.0109375 0.0125
2 0.80625 0.346875 0.0140625 0.0234375
2 0.86328125 0.34296875 0.0140625 0.015625
2 0.88984375 0.2578125 0.015625 0.01875
2 0.90546875 0.25078125 0.0140625 0.0171875
2 0.9171875 0.28125 0.0140625 0.0234375
2 0.928125 0.27890625 0.0125 0.021875
2 0.93984375 0.30234375 0.0078125 0.009375
2 0.96328125 0.3140625 0.0125 0.0234375
2 0.99296875 0.36015625 0.0140625 0.0296875
2 0.984375 0.24765625 0.015625 0.015625
2 0.99453125 0.50859375 0.0109375 0.0140625
2 0.878125 0.4921875 0.01875 0.0203125
2 0.88046875 0.45390625 0.0109375 0.021875
2 0.84453125 0.53203125 0.015625 0.01875
2 0.88125 0.64921875 0.0140625 0.0203125
2 0.8953125 0.653125 0.0140625 0.0203125
2 0.915625 0.6359375 0.0140625 0.01875
2 0.9703125 0.6640625 0.0140625 0.01875
2 0.934375 0.678125 0.015625 0.0203125
2 0.91484375 0.678125 0.0109375 0.0171875
2 0.8296875 0.63046875 0.0109375 0.0171875
2 0.84375 0.61484375 0.0109375 0.01875
2 0.859375 0.615625 0.0140625 0.0203125
2 0.8234375 0.70078125 0.0109375 0.0125
2 0.85859375 0.68046875 0.0140625 0.01875
2 0.8375 0.6484375 0.015625 0.0203125
2 0.77578125 0.58515625 0.0125 0.0203125
2 0.77265625 0.6078125 0.009375 0.0171875
2 0.89765625 0.725 0.0125 0.0171875
2 0.88515625 0.70703125 0.0140625 0.0140625
2 0.965625 0.82421875 0.0140625 0.01875
2 0.940625 0.8390625 0.0109375 0.0171875