2 0.08125 0.2015625 0.04375 0.0515625
2 0.33203125 0.015625 0.025 0.03125
2 0.5140625 0.05234375 0.028125 0.0390625
2 0.31640625 0.3859375 0.025 0.03125
1 0.459375 0.35546875 0.021875 0.03125
2 0.15703125 0.45625 0.0375 0.04375
2 0.2640625 0.3671875 0.021875 0.028125
2 0.2421875 0.3765625 0.0265625 0.0265625
2 0.146875 0.24140625 0.03125 0.0265625
2 0.0734375 0.915625 0.0359375 0.034375
2 0.09375 0.928125 0.0359375 0.040625
2 0.5140625 0.71796875 0.021875 0.03125
2 0.534375 0.66953125 0.0203125 0.0203125
1 0.5546875 0.46953125 0.025 0.0265625
2 0.475 0.44375 0.0203125 0.0234375
2 0.315625 0.4046875 0.028125 0.021875
2 0.528125 0.37578125 0.0203125 0.025
2 0.63984375 0.37890625 0.0203125 0.0203125
2 0.79453125 0.43671875 0.015625 0.01875
1 0.809375 0.44609375 0.015625 0.01875
2 0.715625 0.62265625 0.015625 0.021875
2 0.921875 0.659375 0.015625 0.0203125
2 0.9046875 0.5828125 0.0125 0.015625
2 0.93828125 0.50390625 0.0109375 0.0125
2 0.36640625 0.071875 0.021875 0.028125
2 0.384375 0.28671875 0.0234375 0.0328125
2 0.784375 0.37109375 0.015625 0.021875
2 0.5484375 0.20625 0.0203125 0.021875
2 0.7359375 0.36875 0.0171875 0.021875
2 0.78125 0.290625 0.009375 0.0140625
2 0.82109375 0.27109375 0.0078125 0.009375
2 0.815625 0.19921875 0.009375 0.0125
2 0.8203125 0.21640625 0.009375 0.0125
2 0.81796875 0.15546875 0.0078125 0.0125
2 0.67109375 0.19296875 0.0125 0.0140625
2 0.865625 0.2125 0.0078125 0.009375
1 0.8328125 0.3609375 0.0078125 0.0078125
2 0.68125 0.43359375 0.0109375 0.0140625
2 0.60625 0.465625 0.0109375 0.0109375
2 0.67890625 0.50859375 0.009375 0.0109375
2 0.6734375 0.4859375 0.0078125 0.0109375
2 0.75390625 0.48125 0.009375 0.009375
2 0.75 0.49296875 0.009375 0.0078125
2 0.26875 0.56015625 0.0078125 0.0140625
2 0.3296875 0.60546875 0.0171875 0.0171875
2 0.3140625 0.68515625 0.0125 0.0234375
2 0.371875 0.7078125 0.0140625 0.0203125
2 0.1875 0.4171875 0.01875 0.01875
2 0.296875 0.43125 0.0125 0.0203125
2 0.2390625 0.009375 0.021875 0.01875
2 0.17734375 0.1078125 0.028125 0.0375
2 0.15703125 0.03203125 0.0171875 0.0203125
2 0.3484375 0.19296875 0.0125 0.0171875
2 0.50234375 0.2078125 0.01875 0.025