2 0.73984375 0.65546875 0.0671875 0.0375
2 0.35859375 0.35625 0.078125 0.0515625
2 0.37578125 0.73828125 0.0546875 0.0375
2 0.4 0.515625 0.040625 0.0328125
2 0.57890625 0.6734375 0.0515625 0.0328125
2 0.33515625 0.18515625 0.0390625 0.0296875
2 0.09375 0.49921875 0.05625 0.0375
2 0.3109375 0.1484375 0.040625 0.0328125
2 0.87265625 0.04921875 0.0625 0.04375
2 0.55078125 0.646875 0.0375 0.03125
2 0.6 0.78125 0.0234375 0.01875
2 0.66640625 0.47109375 0.0484375 0.028125
2 0.73515625 0.1984375 0.0484375 0.0359375
2 0.6515625 0.7234375 0.021875 0.015625
2 0.25078125 0.0921875 0.040625 0.028125
2 0.30703125 0.303125 0.0234375 0.0234375
2 0.765625 0.18046875 0.0421875 0.0296875
2 0.3171875 0.596875 0.0140625 0.0125
2 0.3671875 0.4078125 0.0515625 0.028125