2 0.2828125 0.28125 0.0546875 0.0671875
2 0.20390625 0.24453125 0.0359375 0.0640625
2 0.0171875 0.19140625 0.034375 0.11875
2 0.28671875 0.3796875 0.053125 0.0734375
2 0.23515625 0.371875 0.046875 0.071875
2 0.2484375 0.4140625 0.0453125 0.084375
2 0.28515625 0.51328125 0.05 0.0796875
2 0.0203125 0.53828125 0.040625 0.08125
2 0.29375 0.640625 0.046875 0.0734375
2 0.2796875 0.57109375 0.046875 0.0328125
2 0.37578125 0.88671875 0.0640625 0.0984375
2 0.19140625 0.81640625 0.06875 0.065625
2 0.14921875 0.74453125 0.06875 0.065625
2 0.06015625 0.915625 0.0609375 0.0953125
2 0.01875 0.8703125 0.0375 0.0703125
2 0.2046875 0.8828125 0.06875 0.08125
2 0.50859375 0.8265625 0.0390625 0.03125