2 0.61796875 0.51171875 0.1484375 0.228125
2 0.78203125 0.40390625 0.1703125 0.2515625
1 0.1078125 0.2953125 0.115625 0.1703125
1 0.1671875 0.4609375 0.0890625 0.1328125
1 0.0796875 0.975 0.103125 0.05
1 0.32578125 0.921875 0.115625 0.1484375
1 0.53046875 0.965625 0.1296875 0.0609375
1 0.87734375 0.73359375 0.1359375 0.1828125
1 0.58984375 0.6515625 0.0890625 0.078125
1 0.453125 0.1390625 0.0921875 0.140625
1 0.81875 0.22734375 0.0984375 0.1546875
1 0.4125 0.67734375 0.103125 0.1328125
1 0.90078125 0.1296875 0.1015625 0.153125
1 0.40078125 0.3875 0.0609375 0.1125