2 0.15703125 0.06171875 0.0453125 0.0265625
2 0.328125 0.02890625 0.06875 0.03125
2 0.459375 0.61796875 0.08125 0.0546875
2 0.60625 0.59609375 0.084375 0.0484375
2 0.071875 0.690625 0.125 0.0734375
2 0.37578125 0.475 0.0703125 0.0421875
2 0.66796875 0.82265625 0.0578125 0.0390625
2 0.51328125 0.84453125 0.0640625 0.046875
2 0.34609375 0.8796875 0.0640625 0.046875
2 0.28984375 0.8796875 0.059375 0.0484375
2 0.3078125 0.8359375 0.06875 0.0328125
2 0.071875 0.778125 0.0828125 0.0390625
2 0.01875 0.7453125 0.0359375 0.0765625