0 0.059375 0.2359375 0.078125 0.1109375
0 0.16484375 0.178125 0.071875 0.1
0 0.08125 0.17109375 0.0875 0.1359375
0 0.184375 0.1015625 0.059375 0.059375
0 0.24140625 0.2265625 0.0515625 0.0859375
0 0.28515625 0.2375 0.0625 0.0921875
0 0.309375 0.3109375 0.0671875 0.078125
2 0.11953125 0.32109375 0.10625 0.225
2 0.78203125 0.2515625 0.1109375 0.209375
0 0.70703125 0.0984375 0.0515625 0.0703125
0 0.77265625 0.13359375 0.0640625 0.078125
0 0.79140625 0.05390625 0.0609375 0.0703125
0 0.8375 0.07890625 0.06875 0.075
0 0.73671875 0.09609375 0.0609375 0.0859375