2 0.78671875 0.4671875 0.028125 0.034375
2 0.80078125 0.503125 0.028125 0.03125
2 0.75859375 0.47265625 0.028125 0.0328125
2 0.77890625 0.49296875 0.0265625 0.03125
1 0.7578125 0.57265625 0.0265625 0.03125
1 0.5328125 0.67109375 0.0296875 0.0390625
1 0.503125 0.66328125 0.0265625 0.03125
2 0.76484375 0.5828125 0.028125 0.03125
2 0.9515625 0.72421875 0.034375 0.0359375
2 0.60078125 0.75390625 0.0203125 0.025
2 0.4484375 0.87109375 0.01875 0.021875
2 0.05234375 0.43203125 0.0234375 0.034375
2 0.04765625 0.4921875 0.0234375 0.0265625
1 0.2140625 0.59609375 0.021875 0.025
1 0.1515625 0.784375 0.028125 0.0390625
2 0.140625 0.94296875 0.046875 0.0625
1 0.940625 0.4546875 0.0390625 0.034375
2 0.91328125 0.4515625 0.028125 0.034375