1 0.4796875 0.56875 0.0296875 0.0359375
1 0.5140625 0.7265625 0.028125 0.040625
1 0.62578125 0.66796875 0.028125 0.034375
1 0.4734375 0.675 0.0203125 0.03125
1 0.48984375 0.8234375 0.03125 0.0359375
1 0.64296875 0.8546875 0.0296875 0.0390625
1 0.671875 0.86640625 0.034375 0.0453125
1 0.653125 0.8921875 0.0296875 0.0390625
1 0.71328125 0.33125 0.015625 0.028125
2 0.96640625 0.1859375 0.034375 0.0390625
2 0.990625 0.1640625 0.01875 0.0375
2 0.86875 0.153125 0.0328125 0.0359375
2 0.8 0.153125 0.028125 0.0390625
2 0.59296875 0.22734375 0.01875 0.028125
2 0.54609375 0.115625 0.0140625 0.01875
2 0.38671875 0.4015625 0.0265625 0.034375
1 0.41328125 0.49453125 0.021875 0.0328125
2 0.31015625 0.44453125 0.025 0.0359375
1 0.25859375 0.39296875 0.021875 0.028125
1 0.27265625 0.41796875 0.021875 0.01875
2 0.18203125 0.22109375 0.009375 0.0140625
2 0.15 0.25234375 0.0125 0.015625
2 0.10078125 0.3 0.00625 0.0078125
2 0.15078125 0.4015625 0.0125 0.015625
2 0.39453125 0.96328125 0.025 0.040625
2 0.3609375 0.6828125 0.0203125 0.028125