2 0.4515625 0.26015625 0.0578125 0.0390625
2 0.44765625 0.2953125 0.046875 0.028125
2 0.4953125 0.40703125 0.0578125 0.0390625
1 0.6921875 0.34609375 0.05 0.0359375
1 0.72578125 0.353125 0.034375 0.03125
1 0.49765625 0.54296875 0.0578125 0.0375
1 0.66484375 0.58515625 0.0625 0.0421875
1 0.71875 0.59296875 0.059375 0.04375
1 0.65078125 0.54140625 0.059375 0.040625
1 0.90546875 0.728125 0.06875 0.04375
1 0.3921875 0.59765625 0.0546875 0.0390625
1 0.2546875 0.59921875 0.0484375 0.034375
2 0.4203125 0.659375 0.0609375 0.0390625
2 0.73125 0.45703125 0.0578125 0.0390625
2 0.89375 0.54609375 0.0515625 0.0359375
1 0.81953125 0.65 0.0578125 0.0421875
1 0.9578125 0.790625 0.078125 0.04375
1 0.9046875 0.85390625 0.0421875 0.0265625
1 0.85234375 0.8296875 0.053125 0.028125
2 0.86171875 0.803125 0.0546875 0.0328125
1 0.01640625 0.46953125 0.0328125 0.0390625
2 0.2296875 0.41171875 0.03125 0.0234375
2 0.31328125 0.5 0.05 0.0296875
1 0.11171875 0.93203125 0.046875 0.034375
1 0.32265625 0.90859375 0.0453125 0.03125
1 0.16484375 0.94296875 0.0484375 0.0265625