2 0.47421875 0.42578125 0.0296875 0.0234375
2 0.9234375 0.5875 0.0203125 0.0171875
2 0.9296875 0.4921875 0.028125 0.01875
2 0.4984375 0.39453125 0.0328125 0.025
2 0.446875 0.41328125 0.0296875 0.0265625
2 0.82421875 0.24296875 0.0234375 0.01875
2 0.940625 0.24375 0.025 0.0171875
2 0.85234375 0.421875 0.021875 0.015625
2 0.72265625 0.29296875 0.021875 0.0203125
2 0.79140625 0.98984375 0.0296875 0.0203125
2 0.803125 0.25625 0.021875 0.0234375
2 0.8484375 0.2578125 0.01875 0.0171875
2 0.74765625 0.30390625 0.021875 0.01875
2 0.875 0.33203125 0.025 0.01875
2 0.5015625 0.31171875 0.021875 0.0203125
2 0.68359375 0.55390625 0.01875 0.0140625
2 0.69296875 0.52890625 0.0203125 0.015625
2 0.59453125 0.9890625 0.025 0.0203125
2 0.759375 0.07421875 0.021875 0.0171875
2 0.89140625 0.24140625 0.021875 0.015625
2 0.9125 0.44765625 0.0234375 0.0171875
2 0.75234375 0.55625 0.015625 0.0140625
2 0.73671875 0.3578125 0.01875 0.0140625
2 0.84921875 0.22265625 0.01875 0.015625
2 0.43515625 0.35078125 0.0265625 0.021875
2 0.03671875 0.8875 0.01875 0.0171875
2 0.43828125 0.29453125 0.0234375 0.0171875
2 0.83515625 0.2703125 0.0234375 0.01875
2 0.6296875 0.240625 0.0125 0.0109375
2 0.91953125 0.98984375 0.0234375 0.0171875
2 0.75 0.4015625 0.0171875 0.0140625
2 0.7640625 0.1046875 0.0171875 0.0140625
2 0.640625 0.45859375 0.0109375 0.009375
2 0.68203125 0.16484375 0.01875 0.0140625
2 0.72421875 0.0703125 0.015625 0.0140625
2 0.98984375 0.396875 0.015625 0.0140625
2 0.40859375 0.35390625 0.025 0.0234375
2 0.78203125 0.46640625 0.0171875 0.0140625
2 0.52890625 0.47578125 0.025 0.01875
2 0.3828125 0.915625 0.0234375 0.015625
2 0.4484375 0.5625 0.0265625 0.01875
2 0.7828125 0.0578125 0.015625 0.015625
2 0.44453125 0.4609375 0.0203125 0.015625
2 0.16796875 0.4078125 0.0140625 0.009375
2 0.71640625 0.4109375 0.015625 0.0109375
2 0.20703125 0.934375 0.0203125 0.015625
2 0.74296875 0.47578125 0.015625 0.0125
2 0.68125 0.44140625 0.015625 0.0125
2 0.73828125 0.05234375 0.0171875 0.015625
2 0.9578125 0.3953125 0.0203125 0.015625
2 0.453125 0.3578125 0.0171875 0.0171875
2 0.4703125 0.35390625 0.021875 0.015625
2 0.4421875 0.31171875 0.01875 0.0140625
2 0.37109375 0.28828125 0.0125 0.0109375
2 0.37109375 0.2578125 0.0140625 0.009375
2 0.3328125 0.29296875 0.0125 0.009375
2 0.86328125 0.26171875 0.015625 0.0171875
2 0.45546875 0.45859375 0.0203125 0.0109375
2 0.4671875 0.4484375 0.025 0.0203125
2 0.4390625 0.43671875 0.021875 0.0203125
2 0.43125 0.4453125 0.028125 0.0171875
2 0.421875 0.425 0.0265625 0.021875
2 0.4203125 0.45703125 0.0265625 0.01875
2 0.4125 0.434375 0.01875 0.0171875
2 0.403125 0.4078125 0.0109375 0.0125
2 0.378125 0.38203125 0.015625 0.0140625
2 0.3984375 0.3703125 0.0140625 0.0109375
2 0.4359375 0.39296875 0.0203125 0.0125
2 0.4359375 0.271875 0.01875 0.015625
2 0.48671875 0.25078125 0.0171875 0.0109375
2 0.646875 0.2109375 0.0171875 0.0125
2 0.68125 0.146875 0.0203125 0.0140625
2 0.67421875 0.1234375 0.01875 0.0140625
2 0.67265625 0.1078125 0.0203125 0.0140625
2 0.66328125 0.0890625 0.0203125 0.0171875
2 0.609375 0.1171875 0.0171875 0.0140625
2 0.62109375 0.13671875 0.01875 0.015625
2 0.6171875 0.128125 0.0171875 0.009375
2 0.78828125 0.06796875 0.0203125 0.015625
2 0.76171875 0.23984375 0.0109375 0.0140625
2 0.73671875 0.25390625 0.0125 0.009375
2 0.696875 0.2375 0.0171875 0.0109375
2 0.73046875 0.41875 0.009375 0.009375
2 0.7328125 0.42734375 0.0125 0.0078125
2 0.72421875 0.421875 0.0078125 0.0078125
2 0.7140625 0.4265625 0.0125 0.009375
2 0.7234375 0.4296875 0.0078125 0.00625
2 0.6015625 0.43203125 0.015625 0.0125
2 0.6484375 0.41875 0.009375 0.0078125
2 0.659375 0.41484375 0.0078125 0.0078125
2 0.64609375 0.39609375 0.0109375 0.0078125
2 0.6640625 0.40703125 0.009375 0.00625
2 0.7171875 0.39765625 0.015625 0.009375
2 0.1859375 0.43515625 0.0140625 0.0109375
2 0.14296875 0.46796875 0.0140625 0.0078125