2 0.259375 0.75703125 0.040625 0.046875
2 0.3546875 0.5484375 0.0359375 0.04375
2 0.38203125 0.575 0.040625 0.05
2 0.4578125 0.59453125 0.0390625 0.0578125
2 0.46328125 0.64140625 0.040625 0.040625
2 0.3828125 0.91484375 0.025 0.03125
2 0.5421875 0.52578125 0.034375 0.0484375
2 0.609375 0.59765625 0.0421875 0.053125
1 0.590625 0.671875 0.0390625 0.0546875
1 0.50078125 0.6140625 0.0359375 0.0640625
1 0.6265625 0.56796875 0.03125 0.0359375
1 0.6203125 0.290625 0.03125 0.0515625
2 0.66796875 0.29609375 0.0421875 0.0609375
2 0.6203125 0.64453125 0.0265625 0.0453125
2 0.71015625 0.62890625 0.0265625 0.059375
2 0.68046875 0.68203125 0.025 0.0296875
2 0.41796875 0.58671875 0.025 0.0453125
2 0.446875 0.56953125 0.0265625 0.040625
2 0.63046875 0.1359375 0.0265625 0.0375