1 0.5453125 0.38203125 0.0640625 0.053125
1 0.3 0.31640625 0.0609375 0.05
1 0.3578125 0.3234375 0.0625 0.053125
1 0.2546875 0.334375 0.053125 0.046875
1 0.30546875 0.3640625 0.0703125 0.05
1 0.40234375 0.36640625 0.0640625 0.0453125
1 0.46640625 0.54296875 0.0640625 0.046875
1 0.25625 0.6234375 0.05625 0.0359375
1 0.26796875 0.8484375 0.0484375 0.0421875
1 0.29609375 0.83046875 0.0453125 0.0390625
1 0.715625 0.50859375 0.059375 0.0453125
1 0.87109375 0.3515625 0.0640625 0.0421875
1 0.97890625 0.22734375 0.0421875 0.0390625
1 0.8484375 0.475 0.0484375 0.0390625
1 0.75625 0.546875 0.0453125 0.028125
1 0.80546875 0.58203125 0.053125 0.0421875
1 0.5078125 0.8109375 0.0421875 0.0390625
1 0.36328125 0.83046875 0.0453125 0.0390625