2 0.1359375 0.51171875 0.0453125 0.05625
2 0.0296875 0.8515625 0.03125 0.0375
2 0.28125 0.94296875 0.0328125 0.0484375
2 0.85703125 0.4703125 0.0328125 0.0390625
2 0.8796875 0.584375 0.028125 0.0359375
2 0.90078125 0.60625 0.0265625 0.034375
2 0.84375 0.10546875 0.0328125 0.0484375
1 0.8984375 0.103125 0.0390625 0.0421875
1 0.71875 0.2 0.021875 0.025
1 0.49375 0.33671875 0.0390625 0.0546875
1 0.58203125 0.36640625 0.01875 0.0234375
1 0.39921875 0.4 0.028125 0.0359375
1 0.37265625 0.425 0.021875 0.028125
1 0.20390625 0.29140625 0.0453125 0.0609375
2 0.5046875 0.23046875 0.0328125 0.040625
2 0.4234375 0.4171875 0.0296875 0.0359375