2 0.60078125 0.934375 0.0296875 0.0359375
2 0.46953125 0.87578125 0.0234375 0.0328125
2 0.03515625 0.08515625 0.0203125 0.021875
2 0.46484375 0.5546875 0.0296875 0.040625
2 0.078125 0.01328125 0.025 0.025
2 0.67421875 0.80546875 0.028125 0.034375
2 0.334375 0.64296875 0.021875 0.025
2 0.0859375 0.24453125 0.01875 0.021875
1 0.86953125 0.29140625 0.021875 0.03125
2 0.33828125 0.0171875 0.0171875 0.015625
2 0.54921875 0.72734375 0.0203125 0.0296875
1 0.34609375 0.28671875 0.0234375 0.028125
2 0.703125 0.30859375 0.0234375 0.0328125
2 0.13828125 0.234375 0.0171875 0.015625
2 0.70078125 0.83671875 0.025 0.025
2 0.228125 0.5828125 0.0203125 0.0203125
2 0.61640625 0.83046875 0.01875 0.0390625
2 0.34453125 0.5453125 0.021875 0.03125
1 0.5734375 0.46328125 0.028125 0.0296875
2 0.30234375 0.45703125 0.025 0.034375
2 0.29140625 0.03828125 0.0234375 0.0296875
2 0.36171875 0.403125 0.0234375 0.0234375
2 0.015625 0.18203125 0.0171875 0.0203125
1 0.93515625 0.38125 0.0234375 0.0296875
1 0.909375 0.6109375 0.021875 0.03125
2 0.9921875 0.61015625 0.015625 0.028125
2 0.02578125 0.2578125 0.0125 0.0171875
2 0.57109375 0.83359375 0.025 0.04375
2 0.44296875 0.6296875 0.01875 0.0203125
2 0.3984375 0.7078125 0.0171875 0.0234375
2 0.11640625 0.25703125 0.015625 0.0125
1 0.76171875 0.53828125 0.021875 0.034375
1 0.490625 0.53359375 0.0203125 0.0296875
2 0.9109375 0.88671875 0.0171875 0.0265625
2 0.28046875 0.05078125 0.01875 0.021875
2 0.32109375 0.10234375 0.01875 0.0171875
2 0.36875 0.64453125 0.0234375 0.01875
2 0.009375 0.59375 0.015625 0.01875
2 0.125 0.29921875 0.0140625 0.0140625
2 0.5640625 0.73828125 0.021875 0.0328125
2 0.90703125 0.04453125 0.0140625 0.015625
2 0.1203125 0.4078125 0.015625 0.0140625
2 0.35 0.56484375 0.0171875 0.0234375
1 0.775 0.259375 0.0203125 0.025
1 0.77890625 0.09453125 0.015625 0.021875
1 0.8453125 0.17578125 0.021875 0.0296875
2 0.71484375 0.28828125 0.021875 0.028125
2 0.0984375 0.30625 0.0140625 0.021875
2 0.1109375 0.30625 0.0125 0.0203125
2 0.103125 0.321875 0.0125 0.0125
2 0.20625 0.3375 0.0140625 0.015625
2 0.19765625 0.346875 0.0109375 0.0109375
2 0.67265625 0.21015625 0.0125 0.0296875