1 0.08515625 0.3046875 0.0140625 0.0171875
1 0.0453125 0.4515625 0.0203125 0.021875
1 0.040625 0.5265625 0.0109375 0.0140625
1 0.11796875 0.5 0.0140625 0.0203125
1 0.096875 0.50703125 0.0125 0.015625
1 0.128125 0.50703125 0.0140625 0.0203125
1 0.04609375 0.6109375 0.0140625 0.01875
1 0.06015625 0.59453125 0.015625 0.015625
1 0.075 0.62421875 0.0140625 0.015625
1 0.11328125 0.6171875 0.015625 0.01875
1 0.140625 0.5953125 0.0171875 0.01875
1 0.1328125 0.60625 0.015625 0.015625
1 0.08828125 0.6546875 0.015625 0.015625
1 0.2140625 0.65546875 0.0171875 0.0203125
1 0.29765625 0.68515625 0.015625 0.01875
1 0.3953125 0.74453125 0.0203125 0.0296875
1 0.40625 0.66640625 0.021875 0.0296875
1 0.21484375 0.61171875 0.015625 0.0203125
1 0.19453125 0.575 0.01875 0.0203125
1 0.18359375 0.5203125 0.01875 0.0234375
1 0.1890625 0.50546875 0.0171875 0.0203125
1 0.19921875 0.48984375 0.015625 0.0203125
1 0.27265625 0.44296875 0.015625 0.0203125
1 0.33828125 0.3296875 0.0234375 0.03125
1 0.34140625 0.2421875 0.028125 0.0390625
1 0.35703125 0.21953125 0.0296875 0.0375
1 0.390625 0.16875 0.0328125 0.053125
1 0.4203125 0.178125 0.0390625 0.0453125
1 0.3640625 0.10546875 0.0609375 0.0703125
1 0.40703125 0.01484375 0.0453125 0.0296875
1 0.4765625 0.06875 0.028125 0.0328125
1 0.45 0.0171875 0.0390625 0.034375
1 0.4375 0.10625 0.040625 0.05
1 0.39609375 0.33828125 0.025 0.0359375
1 0.453125 0.353125 0.0296875 0.0421875
1 0.409375 0.428125 0.0265625 0.034375
1 0.45078125 0.38828125 0.025 0.03125
1 0.41171875 0.546875 0.021875 0.025
1 0.409375 0.58046875 0.021875 0.03125
1 0.43125 0.65390625 0.0265625 0.0390625
1 0.44921875 0.6125 0.025 0.0328125
1 0.4484375 0.58203125 0.01875 0.028125
1 0.4265625 0.5953125 0.025 0.0265625
1 0.55859375 0.2140625 0.0203125 0.0265625
1 0.21953125 0.290625 0.0203125 0.021875
1 0.853125 0.071875 0.034375 0.046875
1 0.9015625 0.04296875 0.0375 0.0515625
1 0.9234375 0.0234375 0.034375 0.04375
1 0.87265625 0.10703125 0.04375 0.05625
1 0.94921875 0.09609375 0.0359375 0.05
1 0.82421875 0.2421875 0.0390625 0.0546875
1 0.83984375 0.28359375 0.0328125 0.0390625
1 0.88671875 0.2203125 0.0375 0.0453125
1 0.91015625 0.25625 0.0390625 0.0484375
1 0.96875 0.303125 0.0375 0.0453125
1 0.9453125 0.3328125 0.040625 0.05
1 0.60078125 0.89140625 0.028125 0.0375
1 0.61640625 0.89296875 0.0203125 0.034375
1 0.54296875 0.83984375 0.028125 0.0390625
1 0.5578125 0.82421875 0.0296875 0.0328125
1 0.58046875 0.66015625 0.0265625 0.0421875
1 0.596875 0.65546875 0.03125 0.040625
1 0.61484375 0.6640625 0.028125 0.0421875
1 0.5984375 0.73046875 0.0234375 0.0375
1 0.61640625 0.7203125 0.0296875 0.0359375
1 0.68671875 0.56171875 0.034375 0.04375
1 0.70234375 0.5015625 0.03125 0.0453125
1 0.66484375 0.51328125 0.0390625 0.040625
1 0.6625 0.47734375 0.028125 0.0328125
1 0.6078125 0.3890625 0.034375 0.046875
1 0.63828125 0.39375 0.0328125 0.0453125
1 0.6890625 0.41953125 0.0359375 0.05
1 0.78359375 0.475 0.03125 0.040625