2 0.5765625 0.04296875 0.0796875 0.0859375
2 0.48671875 0.27265625 0.0703125 0.1171875
2 0.55546875 0.27265625 0.0828125 0.1171875
2 0.6 0.11953125 0.053125 0.0671875
2 0.6640625 0.0125 0.0625 0.025
2 0.72578125 0.0140625 0.059375 0.028125
2 0.75390625 0.10546875 0.0515625 0.075
2 0.825 0.52421875 0.084375 0.1171875
2 0.9734375 0.50859375 0.046875 0.0578125
2 0.8796875 0.55546875 0.046875 0.065625
2 0.82578125 0.59921875 0.059375 0.0625
2 0.65703125 0.49609375 0.1609375 0.234375
2 0.60078125 0.61328125 0.1328125 0.20625
2 0.70546875 0.65703125 0.0546875 0.1171875
2 0.790625 0.684375 0.090625 0.128125
2 0.9296875 0.77734375 0.096875 0.1328125
2 0.878125 0.878125 0.0796875 0.0984375
2 0.82890625 0.928125 0.0859375 0.11875