2 0.90390625 0.1484375 0.0265625 0.0296875
2 0.921875 0.1390625 0.021875 0.03125
2 0.9578125 0.17890625 0.0234375 0.034375
2 0.94375 0.184375 0.0125 0.025
2 0.8921875 0.26875 0.025 0.0234375
2 0.97265625 0.215625 0.0203125 0.025
2 0.98984375 0.23828125 0.0203125 0.0296875
2 0.83046875 0.2640625 0.025 0.0359375
2 0.84296875 0.44375 0.025 0.0296875
2 0.878125 0.48359375 0.0203125 0.0265625
2 0.88046875 0.5109375 0.01875 0.028125
2 0.86875 0.503125 0.0140625 0.0140625
2 0.93984375 0.5265625 0.0140625 0.01875
2 0.9625 0.54609375 0.01875 0.0203125
2 0.92421875 0.56796875 0.025 0.0203125
2 0.83515625 0.5734375 0.025 0.028125
2 0.78515625 0.459375 0.015625 0.0203125
2 0.740625 0.51015625 0.0171875 0.0203125
2 0.765625 0.48125 0.01875 0.021875
2 0.83828125 0.7015625 0.021875 0.025
2 0.9546875 0.71875 0.028125 0.028125
2 0.89296875 0.7484375 0.025 0.0296875
2 0.91875 0.75234375 0.021875 0.028125
2 0.83828125 0.740625 0.01875 0.025
2 0.8203125 0.7453125 0.0171875 0.0203125
2 0.78671875 0.73125 0.01875 0.0203125
2 0.79609375 0.7515625 0.0234375 0.0265625
2 0.8046875 0.78984375 0.0171875 0.028125
2 0.85390625 0.753125 0.015625 0.0203125
2 0.90546875 0.78203125 0.01875 0.0203125
2 0.99453125 0.79140625 0.0109375 0.0234375
2 0.99375 0.8125 0.0125 0.021875
2 0.92578125 0.89609375 0.01875 0.0265625
2 0.871875 0.85 0.01875 0.025
2 0.890625 0.93984375 0.0203125 0.025
2 0.9890625 0.9859375 0.021875 0.028125
2 0.70546875 0.83046875 0.0171875 0.028125
2 0.759375 0.815625 0.0109375 0.021875
2 0.76953125 0.8984375 0.0140625 0.028125
2 0.67890625 0.76171875 0.01875 0.0296875
2 0.72421875 0.73359375 0.015625 0.0234375
2 0.68359375 0.7046875 0.0171875 0.028125
2 0.68984375 0.66796875 0.015625 0.0234375
2 0.7375 0.6546875 0.01875 0.0234375
2 0.7453125 0.56640625 0.0125 0.021875
2 0.73203125 0.62265625 0.0125 0.0171875
2 0.6328125 0.5578125 0.015625 0.0203125
2 0.6515625 0.52109375 0.0171875 0.0171875
2 0.65703125 0.54765625 0.0125 0.0125
2 0.79609375 0.35 0.0125 0.0203125
2 0.57265625 0.55234375 0.015625 0.0203125
2 0.44765625 0.590625 0.0109375 0.015625
2 0.45859375 0.4875 0.0078125 0.015625
2 0.45625 0.50859375 0.009375 0.0125
2 0.43515625 0.5296875 0.009375 0.0109375
2 0.38984375 0.46484375 0.0078125 0.0125
2 0.37578125 0.4515625 0.0078125 0.0125
2 0.37578125 0.43515625 0.009375 0.009375
2 0.365625 0.484375 0.00625 0.009375
2 0.31328125 0.4734375 0.0078125 0.0125
2 0.32265625 0.565625 0.009375 0.0125
2 0.3671875 0.6234375 0.00625 0.009375
2 0.390625 0.503125 0.0078125 0.0109375
2 0.3875 0.521875 0.0078125 0.009375
2 0.428125 0.57421875 0.0078125 0.009375
2 0.4078125 0.59765625 0.0078125 0.0109375
2 0.35703125 0.6390625 0.00625 0.009375
2 0.3328125 0.671875 0.0078125 0.009375
2 0.32265625 0.659375 0.0078125 0.009375
2 0.2875 0.4125 0.0078125 0.0125
2 0.29921875 0.40546875 0.0078125 0.0109375
2 0.27265625 0.43671875 0.0078125 0.0109375
2 0.25625 0.44765625 0.009375 0.0109375
2 0.290625 0.5 0.00625 0.0109375
2 0.2953125 0.515625 0.0078125 0.009375
2 0.28359375 0.503125 0.0078125 0.0109375
2 0.25625 0.490625 0.00625 0.009375
2 0.25 0.48671875 0.00625 0.0078125
2 0.28828125 0.425 0.0078125 0.0109375