1 0.128125 0.2265625 0.0515625 0.0625
1 0.24375 0.24453125 0.0453125 0.0546875
1 0.59921875 0.15 0.0171875 0.028125
1 0.609375 0.18203125 0.0203125 0.025
1 0.6421875 0.25078125 0.0203125 0.021875
1 0.640625 0.2765625 0.0171875 0.01875
1 0.23203125 0.38125 0.0375 0.0421875
1 0.271875 0.63203125 0.0296875 0.034375
1 0.27109375 0.47890625 0.0359375 0.0359375
1 0.27890625 0.5046875 0.0234375 0.0296875
1 0.325 0.44375 0.0359375 0.05
1 0.31796875 0.51015625 0.05 0.0625
1 0.3859375 0.38046875 0.0546875 0.0671875
1 0.3734375 0.65078125 0.0390625 0.0484375
1 0.3625 0.734375 0.03125 0.0359375
1 0.36640625 0.7640625 0.0359375 0.0484375
1 0.39921875 0.72109375 0.0421875 0.0515625
1 0.53203125 0.75078125 0.0359375 0.05
1 0.5625 0.60625 0.028125 0.04375
1 0.58515625 0.71796875 0.0359375 0.05
1 0.6171875 0.70703125 0.0375 0.046875
1 0.58125 0.490625 0.0375 0.0515625
1 0.59296875 0.50234375 0.0359375 0.0484375
1 0.8640625 0.46171875 0.0453125 0.059375
1 0.9109375 0.5390625 0.0578125 0.0703125
1 0.9890625 0.63046875 0.021875 0.078125
1 0.9671875 0.76171875 0.0546875 0.06875
1 0.97890625 0.8265625 0.0421875 0.0625
1 0.9125 0.8140625 0.03125 0.04375
1 0.97578125 0.9328125 0.0484375 0.071875