2 0.7578125 0.2625 0.0328125 0.040625
2 0.7953125 0.2421875 0.0359375 0.046875
2 0.36875 0.32265625 0.028125 0.0375
2 0.36875 0.196875 0.021875 0.034375
2 0.503125 0.22734375 0.015625 0.0265625
2 0.546875 0.20078125 0.01875 0.03125
2 0.9875 0.2828125 0.025 0.0453125
2 0.95546875 0.3140625 0.034375 0.0328125
2 0.97421875 0.4953125 0.0390625 0.0453125
2 0.9359375 0.5015625 0.0296875 0.0375
2 0.75546875 0.93125 0.0390625 0.0546875
2 0.77890625 0.9609375 0.0359375 0.046875
2 0.025 0.4984375 0.0265625 0.034375
2 0.0484375 0.49296875 0.0296875 0.0375
2 0.07734375 0.4734375 0.0265625 0.021875
2 0.09921875 0.48359375 0.0234375 0.0203125
2 0.22421875 0.08203125 0.0203125 0.0265625
2 0.24921875 0.28125 0.0203125 0.0265625
1 0.4390625 0.55 0.028125 0.0359375
1 0.39609375 0.5953125 0.0234375 0.03125
1 0.52890625 0.9796875 0.0203125 0.040625
1 0.69765625 0.83671875 0.0171875 0.021875
2 0.01796875 0.5609375 0.0234375 0.0234375
2 0.09921875 0.615625 0.025 0.0234375
2 0.5265625 0.52578125 0.025 0.028125
1 0.61171875 0.484375 0.0109375 0.0171875
1 0.4796875 0.57890625 0.01875 0.01875
2 0.54609375 0.54453125 0.0203125 0.01875