2 0.0296875 0.1828125 0.05625 0.0484375
2 0.271875 0.1875 0.15 0.221875
2 0.29921875 0.37421875 0.103125 0.1578125
2 0.575 0.27890625 0.1140625 0.1328125
2 0.5609375 0.17578125 0.0828125 0.0625
2 0.67578125 0.28984375 0.0828125 0.0984375
2 0.62421875 0.51796875 0.1109375 0.18125
2 0.69765625 0.4859375 0.121875 0.1890625
2 0.471875 0.5734375 0.140625 0.2171875
2 0.36953125 0.56796875 0.125 0.15625
2 0.303125 0.67578125 0.146875 0.1953125
2 0.53125 0.58515625 0.103125 0.1515625
2 0.453125 0.70625 0.115625 0.1765625
2 0.396875 0.746875 0.1125 0.1859375
2 0.578125 0.68046875 0.0859375 0.140625
2 0.51875 0.73984375 0.0828125 0.128125
2 0.56953125 0.8359375 0.078125 0.125
2 0.596875 0.77265625 0.0734375 0.115625
2 0.5171875 0.83359375 0.0796875 0.1203125
2 0.8484375 0.140625 0.090625 0.15625
2 0.946875 0.1484375 0.090625 0.14375