0 0.371875 0.33984375 0.1 0.15
0 0.325 0.534375 0.09375 0.1921875
0 0.77265625 0.69140625 0.0265625 0.05
0 0.54296875 0.8875 0.0765625 0.103125
0 0.48828125 0.9484375 0.0625 0.0734375
0 0.96171875 0.4375 0.0734375 0.159375
0 0.78671875 0.7390625 0.025 0.03125
0 0.246875 0.1703125 0.0296875 0.0328125
0 0.30703125 0.70078125 0.025 0.025
0 0.27890625 0.31875 0.034375 0.0484375
0 0.425 0.0171875 0.0421875 0.034375
0 0.74609375 0.69609375 0.025 0.0296875
0 0.04609375 0.790625 0.0390625 0.046875
0 0.20078125 0.228125 0.0265625 0.025
0 0.5515625 0.12109375 0.0796875 0.0859375
0 0.23515625 0.2453125 0.0296875 0.0296875
0 0.2484375 0.3171875 0.0296875 0.046875
0 0.01953125 0.4265625 0.0359375 0.103125
0 0.4203125 0.890625 0.0359375 0.05625
0 0.91328125 0.8234375 0.0328125 0.1328125
0 0.371875 0.33984375 0.1 0.15
0 0.325 0.534375 0.09375 0.1921875
0 0.77265625 0.69140625 0.0265625 0.05
0 0.54296875 0.8875 0.0765625 0.103125
0 0.48828125 0.9484375 0.0625 0.0734375
0 0.96171875 0.4375 0.0734375 0.159375
0 0.78671875 0.7390625 0.025 0.03125
0 0.246875 0.1703125 0.0296875 0.0328125
0 0.30703125 0.70078125 0.025 0.025
0 0.27890625 0.31875 0.034375 0.0484375
0 0.425 0.0171875 0.0421875 0.034375
0 0.74609375 0.69609375 0.025 0.0296875
0 0.04609375 0.790625 0.0390625 0.046875
0 0.20078125 0.228125 0.0265625 0.025
0 0.5515625 0.12109375 0.0796875 0.0859375
0 0.23515625 0.2453125 0.0296875 0.0296875
0 0.2484375 0.3171875 0.0296875 0.046875
0 0.01953125 0.4265625 0.0359375 0.103125
0 0.4203125 0.890625 0.0359375 0.05625
0 0.4421875 0.90234375 0.028125 0.0390625
0 0.2875 0.2625 0.0203125 0.0296875
0 0.25078125 0.19140625 0.025 0.034375
0 0.13515625 0.97890625 0.096875 0.0375
2 0.44921875 0.52109375 0.203125 0.296875
2 0.20234375 0.70859375 0.2015625 0.23125
2 0.66796875 0.34296875 0.1796875 0.25
0 0.371875 0.33984375 0.1 0.15
0 0.325 0.534375 0.09375 0.1921875
0 0.77265625 0.69140625 0.0265625 0.05
0 0.54296875 0.8875 0.0765625 0.103125
2 0.1015625 0.534375 0.1078125 0.1421875
0 0.48828125 0.9484375 0.0625 0.0734375
0 0.96171875 0.4375 0.0734375 0.159375
0 0.78671875 0.7390625 0.025 0.03125
0 0.246875 0.1703125 0.0296875 0.0328125
0 0.30703125 0.70078125 0.025 0.025
0 0.27890625 0.31875 0.034375 0.0484375
0 0.425 0.0171875 0.0421875 0.034375
0 0.74609375 0.69609375 0.025 0.0296875
0 0.04609375 0.790625 0.0390625 0.046875
0 0.20078125 0.228125 0.0265625 0.025
0 0.5515625 0.12109375 0.0796875 0.0859375
0 0.23515625 0.2453125 0.0296875 0.0296875
0 0.2484375 0.3171875 0.0296875 0.046875
0 0.01953125 0.4265625 0.0359375 0.103125
0 0.4203125 0.890625 0.0359375 0.05625
0 0.4421875 0.90234375 0.028125 0.0390625
0 0.2875 0.2625 0.0203125 0.0296875
0 0.25078125 0.19140625 0.025 0.034375
0 0.13515625 0.97890625 0.096875 0.0375