2 0.375 0.2578125 0.028125 0.0359375
2 0.296875 0.3296875 0.0234375 0.0234375
2 0.3859375 0.35390625 0.0234375 0.03125
2 0.41875 0.26640625 0.0203125 0.021875
2 0.4375 0.26171875 0.0203125 0.0265625
2 0.4625 0.22890625 0.021875 0.021875
2 0.5734375 0.3703125 0.0203125 0.0234375
2 0.3609375 0.4859375 0.0234375 0.0203125
2 0.525 0.509375 0.0328125 0.0375
2 0.5625 0.50625 0.028125 0.0375
2 0.73828125 0.5390625 0.0296875 0.0375
2 0.44375 0.57734375 0.0265625 0.03125
2 0.3515625 0.5828125 0.0171875 0.028125
2 0.459375 0.59609375 0.0296875 0.0265625
2 0.2625 0.2953125 0.009375 0.0171875
2 0.66640625 0.67890625 0.025 0.0328125
2 0.746875 0.6046875 0.0234375 0.0296875
2 0.77109375 0.62265625 0.015625 0.025
2 0.58515625 0.8578125 0.025 0.03125
2 0.5 0.78515625 0.0265625 0.034375
1 0.45546875 0.75625 0.0265625 0.0328125
2 0.28125 0.88515625 0.021875 0.028125
2 0.275 0.91484375 0.0234375 0.0296875
2 0.303125 0.8921875 0.0203125 0.025
2 0.3359375 0.7546875 0.01875 0.0203125
2 0.37734375 0.72578125 0.0234375 0.03125
2 0.23359375 0.91953125 0.025 0.0265625
2 0.23671875 0.73984375 0.015625 0.015625
2 0.26015625 0.721875 0.021875 0.0265625
2 0.30625 0.709375 0.01875 0.0203125
2 0.646875 0.8515625 0.0171875 0.0203125
2 0.8328125 0.84375 0.01875 0.028125