2 0.140625 0.13984375 0.121875 0.1796875
2 0.321875 0.1734375 0.1140625 0.178125
2 0.1109375 0.44140625 0.1140625 0.1484375
2 0.13828125 0.3453125 0.0765625 0.115625
2 0.27578125 0.3234375 0.040625 0.1015625
2 0.271875 0.52734375 0.096875 0.165625
2 0.36328125 0.625 0.1 0.1609375
2 0.40546875 0.75390625 0.125 0.1671875
2 0.46640625 0.68515625 0.0703125 0.0953125
2 0.49296875 0.7859375 0.0609375 0.1234375
2 0.56015625 0.85 0.1265625 0.190625
2 0.6671875 0.88359375 0.1125 0.1734375
2 0.5046875 0.475 0.1203125 0.1796875
2 0.703125 0.7140625 0.1109375 0.171875
2 0.7921875 0.4875 0.1140625 0.1796875
2 0.825 0.59375 0.1140625 0.1578125
2 0.90703125 0.37734375 0.1078125 0.1609375
2 0.571875 0.35859375 0.1140625 0.1875
0 0.23828125 0.63359375 0.05 0.078125
0 0.2578125 0.975 0.021875 0.040625
0 0.26953125 0.94375 0.0421875 0.0421875
0 0.10546875 0.88984375 0.0328125 0.0296875
0 0.30390625 0.7171875 0.021875 0.0453125
0 0.28828125 0.7171875 0.015625 0.040625
0 0.34296875 0.7296875 0.0203125 0.0359375
0 0.33671875 0.6546875 0.0578125 0.0703125
0 0.8515625 0.0328125 0.0203125 0.040625
0 0.815625 0.03359375 0.025 0.0421875
0 0.9 0.0578125 0.0265625 0.0390625