2 0.42890625 0.04609375 0.046875 0.03125
2 0.44375 0.1859375 0.040625 0.03125
2 0.23125 0.16484375 0.0328125 0.021875
2 0.590625 0.14609375 0.04375 0.0390625
2 0.63828125 0.1421875 0.0515625 0.0375
2 0.41953125 0.41796875 0.040625 0.0265625
2 0.43359375 0.3890625 0.04375 0.0265625
2 0.55 0.390625 0.0578125 0.03125
2 0.546875 0.4328125 0.0265625 0.03125
2 0.565625 0.49921875 0.0359375 0.0265625
2 0.59296875 0.53515625 0.0421875 0.028125
2 0.66796875 0.47734375 0.0328125 0.021875
2 0.7640625 0.36171875 0.0375 0.021875
2 0.81484375 0.35 0.0203125 0.01875
2 0.86953125 0.403125 0.0296875 0.0234375
2 0.95703125 0.3578125 0.034375 0.021875
2 0.8359375 0.3546875 0.025 0.0140625
2 0.83203125 0.340625 0.0234375 0.015625
2 0.815625 0.3640625 0.0265625 0.0140625
2 0.88984375 0.371875 0.0296875 0.0171875
2 0.965625 0.32890625 0.03125 0.0203125
2 0.9875 0.328125 0.01875 0.015625
2 0.98984375 0.3109375 0.0203125 0.0125
2 0.88828125 0.421875 0.025 0.015625
2 0.8546875 0.428125 0.0265625 0.015625
2 0.8625 0.4375 0.0265625 0.015625
2 0.88046875 0.46171875 0.03125 0.0140625
2 0.86640625 0.47265625 0.0296875 0.0171875
2 0.85078125 0.5125 0.028125 0.01875
2 0.82890625 0.5125 0.015625 0.0125
2 0.7375 0.5375 0.0203125 0.0125
2 0.7484375 0.553125 0.0203125 0.0125
2 0.7640625 0.68671875 0.028125 0.0171875
2 0.98203125 0.7796875 0.0328125 0.0171875
2 0.01015625 0.51015625 0.0203125 0.025
2 0.15859375 0.52265625 0.040625 0.0203125