2 0.034375 0.16484375 0.0421875 0.0703125
2 0.04140625 0.3109375 0.034375 0.053125
2 0.0109375 0.31015625 0.021875 0.05
2 0.03984375 0.35625 0.0265625 0.0375
2 0.17109375 0.3234375 0.040625 0.0625
2 0.1421875 0.34765625 0.0453125 0.065625
2 0.12734375 0.43515625 0.0421875 0.065625
2 0.15703125 0.52890625 0.0296875 0.0578125
2 0.18359375 0.5546875 0.04375 0.0703125
2 0.22265625 0.37109375 0.0390625 0.0578125
2 0.31171875 0.8625 0.0390625 0.0609375
2 0.4265625 0.69375 0.04375 0.0671875
2 0.33828125 0.37890625 0.04375 0.0828125
2 0.3140625 0.43515625 0.0453125 0.065625
2 0.20390625 0.39375 0.040625 0.0578125
2 0.33984375 0.48515625 0.053125 0.0703125
2 0.33046875 0.5953125 0.03125 0.05
2 0.37890625 0.5796875 0.0390625 0.059375
2 0.4015625 0.4875 0.046875 0.0546875
2 0.43671875 0.4421875 0.040625 0.0703125
2 0.3765625 0.30859375 0.046875 0.078125
2 0.43203125 0.1875 0.04375 0.075
2 0.47578125 0.29375 0.0421875 0.0671875
2 0.41796875 0.3125 0.0375 0.0609375
2 0.5203125 0.6265625 0.046875 0.0671875
2 0.5296875 0.48125 0.04375 0.0671875
2 0.55546875 0.0953125 0.0390625 0.065625
2 0.5984375 0.0296875 0.034375 0.0546875
2 0.7859375 0.05859375 0.0359375 0.0734375
2 0.834375 0.0234375 0.0390625 0.0421875
2 0.90234375 0.03984375 0.0453125 0.0796875
2 0.8328125 0.3609375 0.0359375 0.0578125
2 0.98046875 0.3875 0.0359375 0.05
2 0.97734375 0.1203125 0.028125 0.0453125
2 0.88984375 0.61484375 0.0375 0.05
2 0.9265625 0.61015625 0.0296875 0.0359375
2 0.96015625 0.59375 0.034375 0.0578125
2 0.0390625 0.03359375 0.0421875 0.0578125
2 0.43671875 0.0921875 0.0375 0.05
2 0.53046875 0.87109375 0.0515625 0.0625