2 0.30656934375 0.1541666671875 0.3117831078125 0.1611111109375 0.326381646875 0.15972222187500001 0.3326381640625 0.15277777812499999 0.3315954125 0.13888888906250002 0.3211678828125 0.1375 0.3086548484375 0.14444444375 0.30656934375 0.1541666671875
2 0.276037103125 0.47508424375 0.2831930609375 0.46745563125 0.283908646875 0.4436162 0.2653031640625 0.4398019125 0.256251340625 0.4522595046875 0.2595783765625 0.47508424375 0.276037103125 0.47508424375
2 0.6100104281250001 0.177777778125 0.6162669453125 0.1861111109375 0.62982273125 0.1861111109375 0.635036496875 0.175 0.63399374375 0.1625 0.6162669453125 0.1583333328125 0.6100104281250001 0.165277778125 0.6100104281250001 0.177777778125
2 0.5005213765625001 0.3291666671875 0.517908475 0.32537265625 0.5186241140625001 0.29581171875 0.5021653875000001 0.2900902703125 0.4900938484375 0.309722221875 0.49113660000000003 0.32083333281250004 0.5005213765625001 0.3291666671875
2 0.3587069859375 0.4263888890625 0.35245046874999997 0.434722221875 0.351407715625 0.447222221875 0.3587069859375 0.45555555625000005 0.3712200203125 0.45416666718750004 0.378519290625 0.4458333328125 0.3774765375 0.4291666671875 0.37017726875 0.4236111109375 0.3587069859375 0.4263888890625
2 0.69760166875 0.25 0.6955161624999999 0.2638888890625 0.7007299265625 0.272222221875 0.7122002078125 0.275 0.7226277375 0.2666666671875 0.7247132421875 0.25694444375000003 0.719499478125 0.24583333281250003 0.708029196875 0.2416666671875 0.69760166875 0.25
2 0.75703858125 0.602777778125 0.7653806046875 0.6166666671875001 0.7810218984375 0.6180555562500001 0.787278415625 0.60694444375 0.787278415625 0.590277778125 0.77476538125 0.584722221875 0.760166840625 0.590277778125 0.75703858125 0.602777778125
2 0.646506778125 0.590277778125 0.6527632953125 0.6 0.6673618359375 0.602777778125 0.680917621875 0.5916666671875 0.671532846875 0.5722222218749999 0.6579770593750001 0.5694444437499999 0.646506778125 0.5791666671875 0.646506778125 0.590277778125
2 0.12825860312499998 0.6763888890625 0.1303441078125 0.6986111109375 0.139728884375 0.709722221875 0.151199165625 0.70694444375 0.1574556828125 0.6958333328124999 0.1574556828125 0.684722221875 0.1470281546875 0.6736111109375 0.1345151203125 0.672222221875 0.12825860312499998 0.6763888890625
2 0.5005213765625001 0.5625 0.5109489046875 0.575 0.5234619390625 0.5722222218749999 0.528675703125 0.5611111109375 0.528675703125 0.5416666671875 0.5109489046875 0.534722221875 0.5026068828125 0.54444444375 0.5005213765625001 0.5625
2 0.455683003125 0.41944444374999995 0.46853240312500005 0.4026123828125 0.45851404999999995 0.3835408375 0.4442021328125 0.3844944 0.43847734374999997 0.395937334375 0.437761759375 0.41691604375 0.455683003125 0.41944444374999995
2 0.378519290625 0.6541666671875 0.3764337859375 0.6708333328125 0.3837330546875 0.68194444375 0.3972888421875 0.684722221875 0.40458811250000004 0.6777777781250001 0.407716371875 0.6625 0.40354535937499997 0.6513888890625 0.39311783125 0.6458333328125 0.378519290625 0.6541666671875
2 0.7393117828125 0.39444444375 0.7393117828125 0.40694444374999994 0.7539103234375 0.42222222187499997 0.7685088640625 0.4236111109375 0.771637121875 0.4138888890625 0.7664233578124999 0.39305555625 0.758081334375 0.384722221875 0.7507820640625 0.384722221875 0.7393117828125 0.39444444375
2 0.37539103281249997 0.5138888890625 0.3733055265625 0.534722221875 0.38060479687500004 0.5458333328125 0.39520333750000003 0.5458333328125 0.40041710156250004 0.5333333328125 0.40041710156250004 0.5125 0.39520333750000003 0.5041666671875 0.3858185609375 0.5041666671875 0.37539103281249997 0.5138888890625
2 0.10858765781249999 0.63814598125 0.11431241875 0.64482103125 0.1250463578125 0.64768175625 0.137927078125 0.629563771875 0.130055534375 0.6095386640625 0.11431241875 0.6104922265625 0.10858765781249999 0.628610209375 0.10858765781249999 0.63814598125
2 0.38828125 0.61640625 0.0359375 0.046875
2 0.4203125 0.64765625 0.0375 0.0390625
2 0.2796875 0.50234375 0.0296875 0.0296875
2 0.1390625 0.34921875 0.0203125 0.025
2 0.64375 0.50703125 0.0359375 0.046875
2 0.58515625 0.47421875 0.03125 0.0390625
2 0.615625 0.51328125 0.03125 0.0421875
2 0.8109375 0.40078125 0.03125 0.0390625
2 0.48671875 0.62109375 0.0328125 0.03125
2 0.37578125 0.34921875 0.0296875 0.0390625
2 0.73359375 0.540625 0.0234375 0.03125
2 0.73984375 0.3578125 0.0234375 0.03125
2 0.603125 0.34609375 0.025 0.0328125