2 0.9183908046875 0.154676259375 0.9620689656250001 0.1683453234375 0.9919540234375 0.1654676265625 0.9908045984375 0.07482014375 0.9551724140625 0.09928057500000001 0.8908045984375 0.1273381296875 0.89770115 0.1402877703125 0.9183908046875 0.154676259375
2 0.45057471250000003 0 0.43218390781249993 0.012230215625 0.4310344828125 0.02446043125 0.45287356250000005 0.0510791359375 0.486206896875 0.0654676265625 0.512643678125 0.062589928125 0.5574712640625 0.0438848921875 0.5770114937499999 0.0230215828125 0.585057471875 0.0028776984375 0.585057471875 0 0.45057471250000003 0
2 0.7436781609375 0.399280575 0.7471264375 0.4057553953125 0.7563218390625 0.4107913671875 0.7781609203125 0.41294964062500006 0.7919540234375 0.4179856109375 0.8057471265625 0.41510791406249997 0.8241379312499999 0.405035971875 0.8459770109375 0.38417266250000004 0.8517241375 0.36618705 0.8494252875000001 0.338129496875 0.8379310343749999 0.320143884375 0.8218390796874999 0.3064748203125 0.77701149375 0.29064748125 0.765517240625 0.2899280578125 0.7448275859375 0.299280575 0.712643678125 0.333093525 0.7080459765625 0.3438848921875 0.712643678125 0.3517985609375 0.7540229890625 0.3438848921875 0.798850575 0.3446043171875 0.8241379312499999 0.3496402875 0.82758620625 0.361870503125 0.8045977015625001 0.378417265625 0.7793103453125 0.3848920859375 0.7436781609375 0.399280575
2 0.7459770109375 0.2769784171875 0.786206896875 0.26187050312500004 0.7965517234374999 0.253956834375 0.7965517234374999 0.237410071875 0.785057471875 0.2107913671875 0.763218390625 0.188489209375 0.7448275859375 0.17553956875 0.7 0.161870503125 0.6701149421875 0.1611510796875 0.6321839078125 0.16978417343750002 0.6045977015624999 0.187050359375 0.5919540234375 0.20359712187499998 0.5908045984375 0.2194244609375 0.601149425 0.24244604375 0.6333333328124999 0.2640287765625 0.662068965625 0.294964028125 0.6689655171875 0.2985611515625 0.6873563218750001 0.2985611515625 0.7114942531249999 0.294964028125 0.7459770109375 0.2769784171875
2 0.6080459765625 0.3568345328125 0.6367816093750001 0.3431654671875 0.659770115625 0.31654676249999997 0.662068965625 0.3028776984375 0.6528735625000001 0.2769784171875 0.62643678125 0.2517985609375 0.5988505749999999 0.236690646875 0.57356321875 0.2323741 0.52758620625 0.2309352515625 0.48850574687500004 0.23812949687499999 0.464367815625 0.2503597125 0.45057471250000003 0.26258992812500004 0.4413793109375 0.28489208593750004 0.4494252875 0.3237410078125 0.464367815625 0.33597122343749997 0.49885057499999996 0.34100719375 0.52758620625 0.3525179859375 0.5436781609375 0.362589928125 0.585057471875 0.36115107968750004 0.6080459765625 0.3568345328125
2 0.5471264375 0.436690646875 0.5574712640625 0.43453237343750006 0.562068965625 0.43021582656249996 0.5712643671875 0.40791366875 0.5712643671875 0.3928057546875 0.563218390625 0.3776978421875 0.540229884375 0.3525179859375 0.5045977015625 0.33525179843749997 0.45402298906249994 0.3266187046875 0.389655171875 0.338129496875 0.362068965625 0.35323740937500003 0.3494252875 0.3654676265625 0.339080459375 0.38417266250000004 0.335632184375 0.40935251875 0.339080459375 0.42086330937499994 0.3586206890625 0.44172661875 0.359770115625 0.45827338125 0.364367815625 0.4647482015625 0.4574712640625 0.436690646875 0.5471264375 0.436690646875
2 0.398850575 0.1856115109375 0.4310344828125 0.17985611562499998 0.45287356250000005 0.171223021875 0.48850574687500004 0.15323740937500002 0.5022988500000001 0.14172661875 0.5022988500000001 0.129496403125 0.4919540234375 0.105035971875 0.4919540234375 0.09280575468749999 0.49885057499999996 0.0827338125 0.4839080453125 0.0719424453125 0.4517241375 0.056834532812500005 0.3827586203125 0.0489208640625 0.32758620625 0.058992806249999995 0.313793103125 0.06690647499999999 0.311494253125 0.0726618703125 0.29770115 0.0827338125 0.28390804531249997 0.0848920859375 0.27356321875 0.10935251875 0.27241379375 0.1237410078125 0.2827586203125 0.1503597125 0.312643678125 0.1726618703125 0.3540229890625 0.1841726625 0.398850575 0.1856115109375
2 0.312643678125 0.170503596875 0.2816091953125 0.145323740625 0.27471264375 0.12589928125 0.2793103453125 0.0978417265625 0.27586206875 0.09064748125 0.2517241375 0.11438848906250002 0.239080459375 0.121582734375 0.21954022968750003 0.12589928125 0.186206896875 0.1438848921875 0.12758620625 0.15683453281249998 0.140229884375 0.1719424453125 0.1827586203125 0.19136690625 0.21609195468750003 0.1985611515625 0.2540229890625 0.2 0.28735632187500004 0.1899280578125 0.312643678125 0.170503596875
2 0.662068965625 0.4834532375 0.662068965625 0.4683453234375 0.6551724140624999 0.4647482015625 0.6459770109375 0.46618705 0.634482759375 0.463309353125 0.6482758625 0.45899280625000005 0.640229884375 0.44388489218749994 0.62643678125 0.433093525 0.6080459765625 0.42733812968749996 0.5954022984375 0.4266187046875 0.5666666671875 0.43453237343750006 0.565517240625 0.4402877703125 0.5965517234375 0.45683453281249997 0.62298850625 0.45827338125 0.62528735625 0.462589928125 0.559770115625 0.46546762656249996 0.5482758624999999 0.470503596875 0.539080459375 0.48848920937500007 0.6172413796875 0.4978417265625 0.6563218390625 0.48992805781250004 0.662068965625 0.4834532375
2 0.6413793109375 0.55899280625 0.6689655171875 0.5525179859375 0.7034482765625001 0.553237409375 0.734482759375 0.546043165625 0.7678160921875 0.529496403125 0.7413793109375 0.512230215625 0.7425287359375 0.48273381249999997 0.7298850578125 0.4604316546875 0.7114942531249999 0.4446043171875 0.6793103453125 0.43165467656249995 0.6655172406250001 0.44820143906250004 0.6712643671875 0.47769784218750005 0.662068965625 0.487769784375 0.6609195406249999 0.49496402812499996 0.6448275859375 0.49640287812499995 0.640229884375 0.5 0.5908045984375 0.5136690640625 0.5586206890625001 0.5352517984375 0.563218390625 0.5431654671875 0.588505746875 0.553956834375 0.6413793109375 0.55899280625
2 0.6057471265625 0.6503597125 0.6574712640625 0.6223021578125 0.6689655171875 0.6107913671875 0.67241379375 0.6007194250000001 0.6712643671875 0.578417265625 0.659770115625 0.55827338125 0.59770115 0.5561151078125001 0.5781609203125 0.5510791359375 0.5540229890624999 0.5388489203125 0.5264367812499999 0.553956834375 0.44597701093750003 0.60935251875 0.4517241375 0.6273381296875 0.462068965625 0.6388489203125001 0.486206896875 0.6517985609375 0.49770115 0.646043165625 0.5022988500000001 0.6467625906250001 0.5080459765625001 0.6597122296875 0.52758620625 0.6640287765624999 0.562068965625 0.6633093531250001 0.6057471265625 0.6503597125
2 0.5241379312500001 0.8438848921875 0.5183908046875 0.7841726625 0.5080459765625001 0.771223021875 0.45402298906249994 0.7474820140625 0.4287356328125 0.7431654671875 0.39770115 0.7431654671875 0.3494252875 0.7496402875 0.32528735625 0.763309353125 0.3034482765625 0.79064748125 0.30229885 0.8187050359375 0.311494253125 0.833093525 0.337931034375 0.8517985609375 0.36666666718749996 0.8561151078125 0.41839080468749995 0.8719424453125001 0.462068965625 0.8683453234374999 0.487356321875 0.8611510796875 0.5241379312500001 0.8438848921875
2 0.6689655171875 0.7453237406250001 0.698850575 0.746043165625 0.72413793125 0.7395683453124999 0.7551724140625 0.7165467624999999 0.7701149421875 0.695683453125 0.77356321875 0.6604316546875 0.7563218390625 0.6388489203125001 0.736781609375 0.6273381296875 0.7218390796875 0.6230215828125 0.710344828125 0.612949640625 0.686206896875 0.6107913671875 0.664367815625 0.6158273375000001 0.6310344828125001 0.6352517984375 0.5896551718749999 0.653237409375 0.57356321875 0.6633093531250001 0.5666666671875 0.6733812953125 0.563218390625 0.7007194250000001 0.5804597703125001 0.72446043125 0.60229885 0.7402877703125 0.6425287359375 0.7489208640625 0.659770115625 0.7489208640625 0.6689655171875 0.7453237406250001
2 0.5448275859375 0.779136690625 0.5701149421875 0.77553956875 0.5988505749999999 0.7647482015625 0.6045977015624999 0.7517985609375 0.6045977015624999 0.7330935249999999 0.5896551718749999 0.7136690640625 0.5816091953125 0.70935251875 0.5747126437500001 0.694964028125 0.5770114937499999 0.6654676265624999 0.5701149421875 0.6611510796875 0.5022988500000001 0.6597122296875 0.4931034484375 0.662589928125 0.487356321875 0.6719424453125 0.462068965625 0.67482014375 0.45402298906249994 0.6827338125 0.42643678124999995 0.6863309359375 0.4195402296875 0.7021582734375 0.42298850625 0.72589928125 0.435632184375 0.74244604375 0.45057471250000003 0.7525179859375 0.5022988500000001 0.77553956875 0.5448275859375 0.779136690625