2 0.521875 0.434722221875 0.526897590625 0.42592931875 0.5273104234375 0.41436527500000003 0.508321215625 0.40665596875 0.4926345171875 0.4215239640625 0.490983278125 0.44244933125 0.5104166671875 0.44444444375 0.521875 0.434722221875
2 0 0.147222221875 0.015625 0.14861111093749999 0.0260416671875 0.14305555625 0.0333333328125 0.127777778125 0.03125 0.11388888906250001 0 0.09444444375 0 0.147222221875
2 0.3729166671875 0.4625 0.38333333281250004 0.46666666718750005 0.3947916671875 0.4583333328125 0.3958333328125 0.4458333328125 0.3885416671875 0.41944444374999995 0.3770833328125 0.40972222187499996 0.3625 0.43055555625 0.3604166671875 0.44305555625000004 0.3729166671875 0.4625
2 0.33541666718749996 0.4361111109375 0.35 0.42083333281249996 0.3479166671875 0.40138888906250003 0.328125 0.39027777812500003 0.309375 0.40416666718750005 0.309375 0.42222222187499997 0.3145833328125 0.434722221875 0.33541666718749996 0.4361111109375
2 0.6604166671875 0.5611111109375 0.6760416671875 0.5638888890625 0.6885416671875 0.5527777781250001 0.6927083328125 0.5263888890625 0.6864583328125 0.51805555625 0.6697916671875 0.515277778125 0.6520833328125 0.5291666671875 0.65 0.547222221875 0.6604166671875 0.5611111109375
2 0.9760416671875 0.8027777781250001 0.9833333328125 0.7861111109375 0.978125 0.7638888890625 0.9489583328125001 0.7583333328124999 0.9375 0.76805555625 0.9385416671875 0.784722221875 0.9572916671874999 0.8041666671875 0.9760416671875 0.8027777781250001
2 0.421875 0.29444444375 0.4322916671875 0.3 0.45 0.28611111093749997 0.45416666718750004 0.2625 0.4458333328125 0.25 0.4291666671875 0.24722222187499998 0.4145833328125 0.25833333281250004 0.409375 0.26944444375 0.421875 0.29444444375
2 0.7125 0.3736111109375 0.7354166671875 0.372222221875 0.7447916671875 0.35694444375 0.74375 0.3361111109375 0.734375 0.3236111109375 0.7208333328125 0.32083333281250004 0.7041666671875 0.3416666671875 0.7020833328125 0.3583333328125 0.7125 0.3736111109375
2 0.7364583328125 0.2541666671875 0.740625 0.2791666671875 0.7541666671875 0.2875 0.7645833328125 0.28611111093749997 0.78125 0.2638888890625 0.78125 0.2486111109375 0.775 0.23472222187499997 0.7583333328124999 0.23333333281250002 0.7427083328124999 0.24305555625 0.7364583328125 0.2541666671875
2 0.84375 0.825 0.8614583328125001 0.8236111109375001 0.8697916671874999 0.8083333328125001 0.8677083328125 0.784722221875 0.8552083328125001 0.7763888890625 0.8333333328125001 0.7736111109375 0.8239583328125001 0.7833333328125 0.8260416671874999 0.8111111109375001 0.84375 0.825
2 0.6833333328125 0.1666666671875 0.6989583328125 0.16944444375 0.7135416671875 0.15555555625 0.7166666671875 0.1361111109375 0.70625 0.1208333328125 0.6927083328125 0.115277778125 0.6739583328125 0.12222222187500001 0.6697916671875 0.15277777812499999 0.6833333328125 0.1666666671875
2 0.45729166718750003 0.197222221875 0.4739583328125 0.2 0.48854166718750003 0.1833333328125 0.4895833328125 0.1583333328125 0.48020833281249997 0.14444444375 0.4635416671875 0.1416666671875 0.44895833281249997 0.15277777812499999 0.446875 0.172222221875 0.45729166718750003 0.197222221875
2 0.7875 0.8708333328125001 0.8010416671874999 0.88055555625 0.815625 0.877777778125 0.8229166671874999 0.8638888890624999 0.8229166671874999 0.8486111109375001 0.8166666671874999 0.83055555625 0.803125 0.8236111109375001 0.784375 0.8236111109375001 0.778125 0.8388888890624999 0.7875 0.8708333328125001
2 0.3239583328125 0.0875 0.3416666671875 0.0875 0.35 0.075 0.35208333281250004 0.0486111109375 0.34375 0.0333333328125 0.3260416671875 0.027777778125000003 0.309375 0.05 0.309375 0.06805555625000001 0.3239583328125 0.0875
2 0.8770833328125001 0.7291666671875 0.9010416671874999 0.7263888890625 0.9052083328125 0.7125 0.9041666671874999 0.6916666671875 0.8885416671874999 0.6777777781250001 0.871875 0.6777777781250001 0.8604166671875 0.6875 0.8552083328125001 0.709722221875 0.8770833328125001 0.7291666671875
2 0.71875 0.8763888890624999 0.7333333328125 0.875 0.74375 0.85694444375 0.7427083328124999 0.8333333328125001 0.7302083328125 0.8208333328125 0.715625 0.81805555625 0.7 0.8333333328125001 0.7 0.8611111109375 0.71875 0.8763888890624999
2 0.5885416671875 0.8541666671874999 0.609375 0.85555555625 0.61875 0.8361111109375001 0.6197916671875 0.8111111109375001 0.6114583328125 0.8 0.590625 0.7986111109375 0.575 0.8166666671874999 0.5739583328125 0.8361111109375001 0.5885416671875 0.8541666671874999
2 0.14895833281249998 0.2666666671875 0.165625 0.2708333328125 0.1864583328125 0.2541666671875 0.1875 0.23611111093749998 0.17916666718750002 0.2166666671875 0.159375 0.21111111093749999 0.14375 0.2208333328125 0.1416666671875 0.2541666671875 0.14895833281249998 0.2666666671875
2 0.5354166671875 0.030555556249999997 0.54375 0.047222221875 0.5541666671875001 0.0513888890625 0.5708333328124999 0.04305555625 0.58125 0.0236111109375 0.5989583328125 0.015277778124999999 0.6072916671875 0.0013888890625 0.54375 0 0.5354166671875 0.0125 0.5354166671875 0.030555556249999997
2 0.7041666671875 0.05 0.703125 0.061111110937500004 0.7177083328125 0.0791666671875 0.7354166671875 0.08333333281250001 0.7541666671875 0.06527777812499999 0.7552083328125 0.040277778125000004 0.746875 0.025 0.7302083328125 0.019444443750000002 0.7145833328125 0.0333333328125 0.7041666671875 0.05
2 0.0052083328125 0.83055555625 0.007291667187500001 0.8486111109375001 0.0135416671875 0.85694444375 0.0395833328125 0.8611111109375 0.0635416671875 0.8361111109375001 0.059375 0.8236111109375001 0.04375 0.80694444375 0.0229166671875 0.8041666671875 0.0083333328125 0.8194444437499999 0.0052083328125 0.83055555625
2 0.1375 0.7125 0.1520833328125 0.7263888890625 0.1708333328125 0.727777778125 0.17916666718750002 0.7402777781250001 0.190625 0.73055555625 0.20208333281250002 0.6944444437499999 0.1927083328125 0.6736111109375 0.175 0.672222221875 0.1395833328125 0.70555555625 0.1375 0.7125
2 0.1145833328125 0.772222221875 0.1219112796875 0.7989634734375 0.1317366953125 0.8055167609374999 0.14647479218749998 0.8008358203125001 0.1548966 0.788665346875 0.16458333281249998 0.772222221875 0.1510416671875 0.752777778125 0.1375 0.75 0.11875 0.7625 0.1145833328125 0.772222221875
2 0.9072916671875 0 0.884375 0.01805555625 0.8760416671875 0.0333333328125 0.878125 0.05694444375 0.8958333328125001 0.075 0.9197916671874999 0.06805555625000001 0.9333333328125001 0.0388888890625 0.9270833328125001 0.0111111109375 0.9145833328125 0 0.9072916671875 0
2 0.3140625 0.87109375 0.0453125 0.0546875
2 0.30625 0.909375 0.0390625 0.040625
2 0.215625 0.71484375 0.059375 0.075
2 0.778125 0.25555555625 0.7895833328124999 0.26944444375 0.80625 0.2666666671875 0.8208333328125 0.24305555625 0.8166666671874999 0.215277778125 0.7979166671875 0.20833333281250002 0.7802083328125 0.2166666671875 0.7729166671875001 0.23472222187499997 0.778125 0.25555555625
2 0.7875 0.1111111109375 0.7708333328125 0.109722221875 0.753125 0.1291666671875 0.75 0.15277777812499999 0.7604166671875 0.16944444375 0.7739583328124999 0.17361111093749998 0.76875 0.15 0.7760416671875 0.14305555625 0.784375 0.14861111093749999 0.7875 0.140277778125 0.7989583328125 0.1416666671875 0.7989583328125 0.125 0.7875 0.1111111109375
2 0.6833333328125 0.1166666671875 0.709375 0.1166666671875 0.715625 0.10555555624999999 0.7145833328125 0.0861111109375 0.70625 0.0736111109375 0.6958333328124999 0.06805555625000001 0.6770833328125 0.08055555625000001 0.6677083328125 0.10138888906250001 0.6833333328125 0.1166666671875
2 0.64165831875 0.11755570625 0.6371174328125 0.1357277171875 0.640625 0.1416666671875 0.646875 0.1541666671875 0.659375 0.1611111109375 0.671875 0.15 0.682113515625 0.10819436093749998 0.662298734375 0.09718101875 0.6495016828125 0.10323835781249999 0.64165831875 0.11755570625
2 0.77829786875 0.38407858125 0.7915077234375001 0.36370391562500004 0.7836643890625 0.3350692625 0.7663264515625 0.32625855625 0.7477500765625 0.33672121875 0.7444475984375 0.35434259218749997 0.75352936875 0.38022392968749996 0.77829786875 0.38407858125
2 0.33984375 0.659375 0.03125 0.0546875
2 0.31015625 0.6546875 0.0375 0.0609375
2 0.28671875 0.64765625 0.0375 0.059375
2 0.27890625 0.32421875 0.0484375 0.0515625
2 0.746875 0.69453125 0.04375 0.059375
2 0.2921875 0.2578125 0.046875 0.0625