2 0.8426420453125001 0.3350049125 0.8426420453125001 0.35379415625 0.8515158609375 0.36957826250000003 0.8612347874999999 0.3725845234375 0.8708333328125001 0.3574074078125 0.874334153125 0.3507878953125 0.8734890421875001 0.332750209375 0.8637701171875 0.3214766625 0.8506707515624999 0.32072510468750004 0.8426420453125001 0.3350049125
2 0.7111298828125 0.7409458890625 0.712598278125 0.7567760421874999 0.7102847734375 0.751467821875 0.7149329421874999 0.7717602109375 0.723384171875 0.7807790234375 0.7301451484375 0.7770211765624999 0.738173821875 0.761238221875 0.7334316109375 0.7438130796875 0.7250744234375001 0.7326785765625 0.7174683046875 0.73418169375 0.7111298828125 0.7409458890625
2 0.755594428125 0.31396096406249996 0.7567708328125 0.33148148125 0.7593974546875 0.3447753421875 0.7670035734375 0.3477816046875 0.7733419953125 0.3500363078125 0.7760416671875 0.3425925921875 0.7855962515625 0.332750209375 0.78348344375 0.3124578203125 0.7762999125000001 0.2929170171875 0.76193285 0.2966748671875 0.755594428125 0.31396096406249996
2 0.43656051093750003 0.5319173187499999 0.45177271562500004 0.5319173187499999 0.4602239453125 0.5161343656249999 0.45515322031250005 0.483065284375 0.43782820781250004 0.47479802812500005 0.427264171875 0.48532001718749995 0.42557392031249996 0.5071155515625 0.42768672656250006 0.5236500625 0.43656051093750003 0.5319173187499999
2 0.4057291671875 0.740740740625 0.4114583328125 0.7481481484375 0.41770833281249997 0.7490740734375 0.42552083281249997 0.7398148140624999 0.4296875 0.7203703703125 0.42552083281249997 0.7111111109375 0.4145833328125 0.7083333328125 0.4088541671875 0.7138888890625 0.40520833281249996 0.7231481484375 0.4057291671875 0.740740740625
2 0.6901041671875 0.6546296296875 0.7026041671875001 0.6574074078125001 0.7083333328125 0.6481481484375 0.7104166671875001 0.63148148125 0.703125 0.61944444375 0.6895833328125 0.61851851875 0.6833333328125 0.6268518515625 0.6838541671875 0.64351851875 0.6901041671875 0.6546296296875
2 0.913708684375 0.7273749265625 0.92672951875 0.7273749265625 0.93454201875 0.7097823328125 0.932458684375 0.6940415921875001 0.9256878515625001 0.6875601109375 0.9131878515625 0.6884860374999999 0.907458684375 0.7005230734375 0.907458684375 0.7162638140625 0.913708684375 0.7273749265625
2 0.7140625 0.7240740734375 0.7260416671875001 0.725 0.7328125 0.7101851859375 0.73125 0.6916666671875 0.725 0.6833333328125 0.7140625 0.6833333328125 0.70625 0.6953703703125 0.70625 0.7111111109375 0.7140625 0.7240740734375
2 0.8792354390625 0.7027236328125 0.89277710625 0.6999458546875 0.9000687718749999 0.6814273359375 0.8990271062499999 0.6684643734375 0.8922562718749999 0.66476066875 0.87715210625 0.6666125218750001 0.86933960625 0.67679770625 0.8698604390625 0.6943902984375 0.8792354390625 0.7027236328125
2 0.1588541671875 0.740740740625 0.1625 0.75 0.1671875 0.7518518515625 0.1744791671875 0.7481481484375 0.18125 0.7370370375 0.1833333328125 0.7203703703125 0.17916666718750002 0.7083333328125 0.1640625 0.703703703125 0.1583333328125 0.7138888890625 0.1588541671875 0.740740740625
2 0.4015625 0.6564814812499999 0.41614583281249995 0.6537037031249999 0.4213541671875 0.6370370375000001 0.4213541671875 0.6203703703125 0.4145833328125 0.609259259375 0.403125 0.6111111109375 0.396875 0.627777778125 0.3947916671875 0.6490740734375 0.4015625 0.6564814812499999
2 0.6015625 0.546296296875 0.6052083328125 0.5620370375 0.6145833328125 0.571296296875 0.6213541671875 0.5703703703125 0.6270833328125 0.553703703125 0.6255208328124999 0.5305555562500001 0.6182291671875 0.5231481484375 0.6072916671875 0.5231481484375 0.6015625 0.5287037031249999 0.6015625 0.546296296875
2 0.6760416671875 0.47222222187499996 0.6729166671875 0.477777778125 0.6734375 0.48518518593750004 0.6802083328124999 0.5 0.6875 0.5074074078125 0.7015625 0.503703703125 0.7083333328125 0.49259259218749996 0.7072916671875 0.477777778125 0.7005208328125 0.46666666718750005 0.690625 0.4620370375 0.6760416671875 0.47222222187499996
2 0.19583333281249998 0.6925925921875 0.19479166718750002 0.7018518515625 0.1973958328125 0.715740740625 0.20729166718749997 0.7296296296875 0.2270833328125 0.734259259375 0.23541666718749998 0.7231481484375 0.23333333281250002 0.6981481484375001 0.2244791671875 0.6870370375 0.20989583281250002 0.6824074078125 0.20208333281250002 0.6851851859375 0.19583333281249998 0.6925925921875
2 0.9666666671874999 0.7601851859375001 0.9760416671875 0.7768518515625 0.9864175828124999 0.7735035921875 0.9905349015624999 0.7661805125 0.9935542843749999 0.756416403125 0.9886134953125 0.7310297203125 0.9744791671874999 0.727777778125 0.9703125 0.73148148125 0.9661458328125001 0.7425925921875 0.9666666671874999 0.7601851859375001
2 0.7198600328125 0.6220796453124999 0.7080217015625 0.62300785625 0.7042142124999999 0.6430724921875 0.702018321875 0.6528365984375 0.7072335734374999 0.6626007078125 0.7140957703125 0.6674827609375 0.71931104375 0.6689473734375 0.7278201625 0.662112490625 0.730839546875 0.6503955718750001 0.7253497890625 0.6294027265625 0.7198600328125 0.6220796453124999
2 0.9820257609375 0.7705743671875 0.9708874562500001 0.7675954609375 0.9696738078125 0.7886379515625 0.9724186859374999 0.7993784734375 0.9773594765625001 0.808654384375 0.9842216718750001 0.8106071937499999 0.9905349015624999 0.8110954109374999 0.9952011859375001 0.8018195015625 0.9952011859375001 0.7857087265625 0.9935542843749999 0.775456421875 0.9905349015624999 0.7710625656250001 0.9820257609375 0.7705743671875
2 0.9581453265625001 0.8887200734375 0.9526996171875 0.8938808375 0.9521066015624999 0.91313034375 0.9551259859375 0.9292410984374999 0.9622626437499999 0.9370524140625 0.9735166625 0.9375406125 0.98147679375 0.929729334375 0.9831237375 0.9116657125 0.9820257609375 0.8979959843750001 0.97790844375 0.8853026140625 0.9639095875000001 0.8804205609375 0.9581453265625001 0.8887200734375
2 0.8015625 0.30078125 0.034375 0.06875
2 0.62890625 0.65 0.0296875 0.0453125
2 0.65390625 0.625 0.01875 0.05
2 0.6359375 0.73984375 0.01875 0.0453125
2 0.653125 0.753125 0.0203125 0.0359375
2 0.6203125 0.74375 0.01875 0.040625
2 0.7078125 0.79453125 0.028125 0.040625
2 0.63671875 0.7984375 0.0203125 0.0359375
2 0.65234375 0.80703125 0.021875 0.04375
2 0.6703125 0.8234375 0.01875 0.0328125
2 0.63125 0.85078125 0.01875 0.0421875
2 0.45390625 0.69765625 0.0203125 0.0390625
2 0.46015625 0.71015625 0.01875 0.034375
2 0.46640625 0.70078125 0.0203125 0.0359375
2 0.4828125 0.6984375 0.0234375 0.0359375
2 0.53125 0.6734375 0.0203125 0.03125
2 0.53984375 0.66796875 0.0203125 0.0390625
2 0.496875 0.540625 0.01875 0.03125
2 0.484375 0.49921875 0.0328125 0.05
2 0.528125 0.50703125 0.03125 0.065625
2 0.41015625 0.5109375 0.03125 0.053125
2 0.40625 0.55546875 0.03125 0.046875
2 0.38984375 0.65078125 0.0296875 0.046875
2 0.1890625 0.81640625 0.040625 0.059375
2 0.31328125 0.634375 0.028125 0.05625
2 0.175 0.36640625 0.040625 0.0671875
2 0.2234375 0.346875 0.034375 0.053125
2 0.1328125 0.54375 0.034375 0.065625
2 0.028125 0.3609375 0.028125 0.0625
2 0.71328125 0.09453125 0.0390625 0.065625