2 0.85859375 0.34765625 0.0296875 0.05625
2 0.8890625 0.36953125 0.0203125 0.040625
2 0.90703125 0.35859375 0.0203125 0.04375
2 0.85859375 0.2859375 0.0296875 0.046875
2 0.7953125 0.3015625 0.034375 0.0578125
2 0.76953125 0.31953125 0.0296875 0.05625
2 0.7125 0.09453125 0.0296875 0.05625
2 0.82421875 0.18046875 0.03125 0.0609375
2 0.69296875 0.4828125 0.028125 0.05
2 0.8828125 0.6796875 0.0265625 0.0515625
2 0.92109375 0.70703125 0.03125 0.0515625
2 0.98046875 0.7515625 0.025 0.04375
2 0.98125 0.7890625 0.028125 0.0453125
2 0.978125 0.8546875 0.028125 0.05
2 0.96796875 0.91171875 0.0296875 0.0515625
2 0.93984375 0.85703125 0.028125 0.0484375
2 0.71875 0.7 0.025 0.0484375
2 0.72421875 0.75546875 0.028125 0.0484375
2 0.70546875 0.79296875 0.0234375 0.0375
2 0.72109375 0.78671875 0.0234375 0.034375
2 0.71640625 0.64375 0.025 0.046875
2 0.69609375 0.6328125 0.0265625 0.05
2 0.740625 0.6453125 0.025 0.0390625
2 0.684375 0.59453125 0.0296875 0.0453125
2 0.65390625 0.52421875 0.03125 0.05625
2 0.62890625 0.64609375 0.0265625 0.0484375
2 0.65390625 0.6234375 0.0203125 0.04375
2 0.62109375 0.74375 0.0171875 0.03125
2 0.63515625 0.734375 0.0203125 0.034375
2 0.65390625 0.75078125 0.01875 0.0359375
2 0.63671875 0.79921875 0.021875 0.028125
2 0.65234375 0.8078125 0.015625 0.03125
2 0.66796875 0.82109375 0.015625 0.025
2 0.64296875 0.83203125 0.0203125 0.03125
2 0.6328125 0.85 0.01875 0.028125
2 0.621875 0.85859375 0.01875 0.0296875
2 0.6125 0.5421875 0.028125 0.059375
2 0.5890625 0.60390625 0.0234375 0.0359375
2 0.52890625 0.50546875 0.03125 0.0625
2 0.496875 0.540625 0.015625 0.0265625
2 0.53515625 0.5890625 0.0140625 0.034375
2 0.55078125 0.58828125 0.0171875 0.0328125
2 0.5421875 0.66875 0.015625 0.0390625
2 0.5328125 0.671875 0.015625 0.034375
2 0.51484375 0.29765625 0.0265625 0.0546875
2 0.48515625 0.50703125 0.0265625 0.034375
2 0.44296875 0.50546875 0.0328125 0.0578125
2 0.4109375 0.5125 0.028125 0.0515625
2 0.40859375 0.56015625 0.0265625 0.046875
2 0.4078125 0.6265625 0.025 0.0515625
2 0.38984375 0.6515625 0.0234375 0.04375
2 0.41796875 0.725 0.0296875 0.0484375
2 0.453125 0.6953125 0.015625 0.0296875
2 0.4671875 0.7015625 0.015625 0.0296875
2 0.4828125 0.6984375 0.0140625 0.03125
2 0.45703125 0.7703125 0.0171875 0.03125
2 0.40703125 0.7578125 0.015625 0.028125
2 0.3890625 0.75 0.0171875 0.0296875
2 0.34375 0.76640625 0.0140625 0.0265625
2 0.31328125 0.634375 0.0234375 0.0453125
2 0.2125 0.69765625 0.0328125 0.0515625
2 0.16953125 0.725 0.03125 0.0578125
2 0.23203125 0.7703125 0.025 0.0453125
2 0.25859375 0.73046875 0.021875 0.0375
2 0.18984375 0.8171875 0.03125 0.0546875
2 0.221875 0.93671875 0.0296875 0.0546875
2 0.6984375 0.0125 0.0234375 0.025
2 0.5546875 0.2828125 0.028125 0.0328125
2 0.55625 0.09609375 0.025 0.040625
2 0.56328125 0.025 0.0234375 0.04375
2 0.17421875 0.36484375 0.0296875 0.0546875
2 0.22265625 0.346875 0.0296875 0.046875
2 0.02578125 0.36328125 0.028125 0.0546875
2 0.03359375 0.2765625 0.0328125 0.0484375
2 0.13203125 0.53984375 0.025 0.046875
2 0.221875 0.45 0.0203125 0.0453125
2 0.85078125 0.91015625 0.0203125 0.0375
2 0.834375 0.90859375 0.021875 0.025
2 0.47578125 0.453125 0.021875 0.03125
2 0.03515625 0.6375 0.009375 0.0140625
2 0.0609375 0.61953125 0.009375 0.0140625
2 0.28984375 0.46796875 0.0359375 0.04375