2 0.32578125 0.71171875 0.0359375 0.0265625
2 0.9453125 0.6171875 0.05625 0.0375
2 0.0703125 0.23671875 0.0453125 0.028125
2 0.2390625 0.42890625 0.034375 0.028125
2 0.14453125 0.76640625 0.040625 0.0234375
2 0.12109375 0.32109375 0.0484375 0.0296875
2 0.45078125 0.6640625 0.034375 0.025
2 0.69375 0.97734375 0.0359375 0.025
2 0.15234375 0.63359375 0.034375 0.028125
2 0.065625 0.54296875 0.0296875 0.0234375
2 0.00859375 0.45859375 0.0171875 0.025
2 0.74140625 0.3359375 0.0390625 0.0328125
2 0.38828125 0.83203125 0.025 0.0203125
2 0.58125 0.96015625 0.0421875 0.0328125
2 0.84609375 0.453125 0.05 0.03125
2 0.0984375 0.53203125 0.0375 0.0234375
2 0.21015625 0.43828125 0.0234375 0.025
2 0.3125 0.5234375 0.0234375 0.021875
2 0.603125 0.87109375 0.021875 0.0171875
2 0.68125 0.94375 0.0328125 0.021875
2 0.01171875 0.2734375 0.0234375 0.021875
2 0.665625 0.34765625 0.034375 0.0265625
2 0.7109375 0.3390625 0.034375 0.028125
2 0.478125 0.65703125 0.03125 0.015625
2 0.86484375 0.8109375 0.0171875 0.025
2 0.38125 0.4109375 0.0203125 0.0203125