2 0.03359375 0.41796875 0.028125 0.015625
2 0.28203125 0.36640625 0.03125 0.0234375
2 0.15703125 0.44375 0.0171875 0.0140625
2 0.4140625 0.2984375 0.0265625 0.0203125
2 0.371875 0.3640625 0.028125 0.021875
2 0.47734375 0.42578125 0.021875 0.0140625
2 0.46796875 0.4171875 0.015625 0.0078125
2 0.446875 0.4515625 0.0296875 0.01875
2 0.36015625 0.65078125 0.034375 0.0234375
2 0.33203125 0.67265625 0.0203125 0.01875
2 0.525 0.5453125 0.0296875 0.021875
2 0.634375 0.5984375 0.034375 0.0234375
2 0.79140625 0.36328125 0.028125 0.01875
2 0.72421875 0.46796875 0.025 0.015625
2 0.9140625 0.44375 0.0328125 0.0203125
2 0.9078125 0.50625 0.0265625 0.0171875
2 0.98984375 0.384375 0.0203125 0.0171875
2 0.734375 0.5859375 0.0296875 0.01875
2 0.7546875 0.58671875 0.0234375 0.0125
2 0.9015625 0.82265625 0.028125 0.015625
2 0.6828125 0.7421875 0.034375 0.021875
2 0.715625 0.7375 0.0203125 0.0171875