2 0.4078125 0.4109375 0.0390625 0.0234375
2 0.615625 0.4515625 0.025 0.025
2 0.6390625 0.4671875 0.03125 0.0171875
2 0.63828125 0.35625 0.0328125 0.0234375
2 0.4640625 0.34140625 0.0421875 0.0203125
2 0.90234375 0.5 0.025 0.021875
2 0.04765625 0.0921875 0.0078125 0.0046875
2 0.04765625 0.096875 0.00625 0.00625
2 0.090625 0.034375 0.0140625 0.0078125
2 0.084375 0.10703125 0.0125 0.0078125
2 0.0046875 0.12265625 0.009375 0.015625
2 0.0046875 0.196875 0.009375 0.009375
2 0.003125 0.23515625 0.00625 0.0109375
2 0.121875 0.13671875 0.009375 0.00625
2 0.09921875 0.1125 0.009375 0.0078125
2 0.13359375 0.115625 0.009375 0.0078125
2 0.02734375 0.01015625 0.009375 0.0078125
2 0.01328125 0.00390625 0.0109375 0.00625
2 0.02578125 0.059375 0.0109375 0.0078125