2 0.31015625 0.15703125 0.0359375 0.0203125
2 0.17890625 0.21328125 0.040625 0.0328125
2 0.3484375 0.21875 0.0328125 0.0296875
2 0.12109375 0.2 0.028125 0.028125
2 0.1171875 0.24609375 0.0421875 0.028125
2 0.12890625 0.284375 0.0375 0.0265625
2 0.1078125 0.3203125 0.0359375 0.028125
2 0.071875 0.41015625 0.0375 0.028125
2 0.06171875 0.42890625 0.03125 0.01875
2 0.21953125 0.3828125 0.034375 0.0234375
2 0.24609375 0.37109375 0.034375 0.0265625
2 0.23203125 0.35078125 0.0328125 0.0125
2 0.2453125 0.27109375 0.0328125 0.0234375
2 0.20390625 0.2734375 0.0203125 0.015625
2 0.5484375 0.203125 0.0328125 0.021875
2 0.50625 0.33984375 0.0328125 0.0265625
2 0.60078125 0.3296875 0.0359375 0.0296875
2 0.3578125 0.47421875 0.03125 0.028125
2 0.5515625 0.55078125 0.040625 0.0265625
2 0.64140625 0.5859375 0.03125 0.0234375
2 0.79140625 0.315625 0.0421875 0.034375
2 0.8078125 0.19609375 0.0359375 0.0359375
2 0.925 0.1796875 0.034375 0.025
2 0.7203125 0.57890625 0.0390625 0.0296875
2 0.7453125 0.56796875 0.0265625 0.025
2 0.84453125 0.56640625 0.0328125 0.0265625
2 0.8953125 0.58359375 0.0375 0.0265625
2 0.11484375 0.69765625 0.03125 0.0265625
2 0.696875 0.6328125 0.0359375 0.0296875
2 0.9 0.61796875 0.0390625 0.028125
2 0.92421875 0.65 0.0296875 0.0203125
2 0.93828125 0.575 0.03125 0.0234375
2 0.978125 0.5984375 0.0296875 0.0234375
2 0.73046875 0.640625 0.0296875 0.0234375
2 0.74921875 0.64140625 0.01875 0.015625
2 0.83828125 0.765625 0.0265625 0.0203125
2 0.54765625 0.85078125 0.0359375 0.0296875
2 0.48828125 0.84375 0.0390625 0.028125
2 0.5109375 0.8796875 0.034375 0.0296875
2 0.43828125 0.86328125 0.021875 0.01875
2 0.30625 0.95 0.03125 0.028125
2 0.26796875 0.925 0.028125 0.025
2 0.121875 0.90546875 0.034375 0.025
2 0.10234375 0.8828125 0.01875 0.01875
2 0.1828125 0.8484375 0.0265625 0.021875
2 0.0609375 0.80859375 0.028125 0.0234375
2 0.04453125 0.803125 0.0171875 0.021875
2 0.03046875 0.753125 0.0359375 0.0265625
2 0.01015625 0.7203125 0.0203125 0.015625
2 0.9421875 0.4859375 0.04375 0.0328125
2 0.73046875 0.48671875 0.03125 0.0265625
2 0.9640625 0.29921875 0.040625 0.028125
2 0.8984375 0.346875 0.0328125 0.021875
2 0.79140625 0.36171875 0.034375 0.015625
2 0.49921875 0.390625 0.0265625 0.0265625
2 0.625 0.47109375 0.0265625 0.025