2 0.12421875 0.41953125 0.009375 0.0078125
2 0.134375 0.4328125 0.009375 0.00625
2 0.13984375 0.4703125 0.00625 0.00625
2 0.175 0.4359375 0.0171875 0.0125
2 0.24609375 0.4171875 0.0171875 0.0125
2 0.19375 0.43984375 0.0109375 0.00625
2 0.1640625 0.43671875 0.0078125 0.0078125
2 0.16953125 0.415625 0.009375 0.0078125
2 0.15546875 0.48125 0.0109375 0.009375
2 0.221875 0.47734375 0.0140625 0.0109375
2 0.2515625 0.46875 0.01875 0.009375
2 0.315625 0.42109375 0.0203125 0.0140625
2 0.23203125 0.33671875 0.0203125 0.0125
2 0.2125 0.33359375 0.0125 0.009375
2 0.246875 0.3078125 0.0125 0.009375
2 0.2671875 0.3125 0.015625 0.0109375
2 0.2703125 0.35 0.021875 0.015625
2 0.36171875 0.253125 0.0203125 0.0140625
2 0.29453125 0.32109375 0.0234375 0.015625
2 0.28125 0.321875 0.01875 0.015625
2 0.27265625 0.58515625 0.0203125 0.015625
2 0.28515625 0.515625 0.0140625 0.009375
2 0.21171875 0.534375 0.0140625 0.0125
2 0.39296875 0.46484375 0.0234375 0.01875
2 0.4109375 0.4234375 0.025 0.01875
2 0.3953125 0.4828125 0.01875 0.0140625
2 0.45703125 0.48046875 0.0203125 0.015625
2 0.3546875 0.553125 0.0171875 0.0125
2 0.3328125 0.6578125 0.01875 0.0140625
2 0.63984375 0.6375 0.028125 0.0234375
2 0.52734375 0.6796875 0.0171875 0.0125
2 0.41953125 0.73125 0.0203125 0.0125
2 0.415625 0.7046875 0.021875 0.01875
2 0.45078125 0.70546875 0.0171875 0.0125
2 0.34140625 0.67265625 0.0171875 0.0125
2 0.3859375 0.66484375 0.015625 0.0125
2 0.39609375 0.4421875 0.021875 0.0125
2 0.51953125 0.4234375 0.028125 0.0234375
2 0.32734375 0.33046875 0.0203125 0.015625
2 0.3359375 0.315625 0.0234375 0.015625
2 0.353125 0.32265625 0.0203125 0.0140625
2 0.38203125 0.3140625 0.021875 0.015625
2 0.4671875 0.24921875 0.0171875 0.0125
2 0.5109375 0.2484375 0.015625 0.0140625
2 0.5234375 0.25078125 0.025 0.015625
2 0.55234375 0.26484375 0.0265625 0.015625
2 0.621875 0.2671875 0.0265625 0.021875
2 0.65390625 0.2328125 0.0203125 0.0140625
2 0.6921875 0.246875 0.028125 0.021875
2 0.75 0.23203125 0.021875 0.0171875
2 0.7140625 0.23203125 0.0234375 0.015625
2 0.7375 0.2546875 0.021875 0.0140625
2 0.5984375 0.31015625 0.028125 0.021875
2 0.68671875 0.30390625 0.021875 0.0125
2 0.6734375 0.278125 0.025 0.0140625
2 0.65859375 0.29296875 0.0125 0.0125
2 0.42890625 0.33203125 0.021875 0.0140625
2 0.41640625 0.3703125 0.0171875 0.0125
2 0.3609375 0.37578125 0.0171875 0.015625
2 0.44609375 0.37265625 0.0203125 0.0140625
2 0.44140625 0.34140625 0.021875 0.015625
2 0.43515625 0.3484375 0.0171875 0.0140625
2 0.4546875 0.35390625 0.021875 0.0140625
2 0.46171875 0.359375 0.021875 0.0125
2 0.4765625 0.3609375 0.01875 0.0125
2 0.5015625 0.35625 0.0171875 0.0140625
2 0.48671875 0.32578125 0.015625 0.015625
2 0.49765625 0.3203125 0.0265625 0.009375
2 0.5765625 0.38046875 0.0171875 0.0140625
2 0.5734375 0.34296875 0.01875 0.0140625
2 0.61015625 0.35703125 0.028125 0.0203125
2 0.63984375 0.36875 0.0328125 0.0234375
2 0.68203125 0.36953125 0.0203125 0.0171875
2 0.69375 0.38828125 0.0171875 0.0140625
2 0.7328125 0.41796875 0.01875 0.0171875
2 0.4578125 0.5578125 0.0140625 0.0125
2 0.425 0.56875 0.009375 0.0078125
2 0.40390625 0.56796875 0.0109375 0.0078125
2 0.70078125 0.678125 0.0125 0.0125
2 0.76640625 0.58046875 0.0171875 0.0140625
2 0.771875 0.4875 0.025 0.0171875
2 0.88046875 0.52421875 0.0171875 0.015625
2 0.915625 0.5578125 0.028125 0.0171875
2 0.940625 0.6 0.0234375 0.0171875
2 0.93984375 0.615625 0.015625 0.0125
2 0.95234375 0.6296875 0.0265625 0.01875
2 0.59375 0.54296875 0.0125 0.009375
2 0.64921875 0.52578125 0.01875 0.0125
2 0.66796875 0.49375 0.0203125 0.0171875
2 0.659375 0.45390625 0.021875 0.0171875
2 0.6765625 0.46484375 0.021875 0.0140625
2 0.71328125 0.34140625 0.025 0.0171875
2 0.8125 0.3640625 0.025 0.015625
2 0.84765625 0.38046875 0.028125 0.0203125
2 0.87265625 0.35078125 0.028125 0.0234375
2 0.95703125 0.36328125 0.028125 0.021875
2 0.9796875 0.65 0.0140625 0.0109375
2 0.97890625 0.5734375 0.0296875 0.0203125
2 0.95546875 0.53671875 0.0171875 0.015625
2 0.94140625 0.24609375 0.0109375 0.009375