2 0.659375 0.67578125 0.0171875 0.015625
2 0.68359375 0.9234375 0.0296875 0.0234375
2 0.76796875 0.61171875 0.021875 0.01875
2 0.25703125 0.446875 0.0125 0.0078125
2 0.39453125 0.53515625 0.0171875 0.015625
2 0.821875 0.65078125 0.0140625 0.0125
2 0.82265625 0.43515625 0.0203125 0.0171875
2 0.6171875 0.603125 0.0203125 0.0125
2 0.6765625 0.6703125 0.0203125 0.015625
2 0.359375 0.44765625 0.015625 0.0140625
2 0.3828125 0.4484375 0.015625 0.0140625
2 0.55390625 0.59921875 0.0125 0.0078125
2 0.2140625 0.5828125 0.015625 0.0109375
2 0.74453125 0.60078125 0.0109375 0.009375
2 0.82890625 0.60390625 0.0171875 0.0125
2 0.04453125 0.4265625 0.0125 0.0125
2 0.8828125 0.57734375 0.0171875 0.015625
2 0.596875 0.56796875 0.0125 0.0125
2 0.63515625 0.615625 0.015625 0.0078125
2 0.79140625 0.6140625 0.015625 0.015625
2 0.47109375 0.58359375 0.0140625 0.009375
2 0.6140625 0.63125 0.0203125 0.015625
2 0.878125 0.509375 0.015625 0.0109375
2 0.09140625 0.46171875 0.009375 0.00625
2 0.3625 0.634375 0.015625 0.0109375
2 0.884375 0.6203125 0.0140625 0.0125
2 0.33046875 0.44140625 0.0171875 0.0140625
2 0.7859375 0.3234375 0.0171875 0.015625
2 0.7125 0.5859375 0.015625 0.0140625
2 0.21796875 0.534375 0.0109375 0.009375
2 0.2203125 0.553125 0.0125 0.009375
2 0.33828125 0.53828125 0.0109375 0.0078125
2 0.28984375 0.51484375 0.0171875 0.0109375
2 0.55625 0.64921875 0.0140625 0.0078125
2 0.62265625 0.63984375 0.015625 0.0078125
2 0.64140625 0.63203125 0.021875 0.0125
2 0.1578125 0.50625 0.009375 0.0046875
2 0.20234375 0.58203125 0.0078125 0.009375
2 0.1828125 0.53125 0.009375 0.0078125
2 0.2625 0.4015625 0.00625 0.0046875
2 0.1078125 0.46953125 0.0109375 0.00625
2 0.13671875 0.421875 0.009375 0.00625
2 0.06875 0.478125 0.009375 0.00625
2 0.1546875 0.446875 0.009375 0.0046875
2 0.11484375 0.471875 0.0078125 0.00625
2 0.059375 0.45390625 0.009375 0.00625
2 0.06953125 0.44609375 0.009375 0.0046875
2 0.04296875 0.46328125 0.00625 0.0046875
2 0.06171875 0.5140625 0.00625 0.0046875
2 0.11640625 0.4921875 0.0109375 0.00625
2 0.03046875 0.4578125 0.0078125 0.0046875
2 0.0421875 0.44609375 0.0046875 0.0046875
2 0.090625 0.51640625 0.0078125 0.0046875
2 0.02734375 0.43359375 0.0046875 0.003125
2 0.0875 0.534375 0.0078125 0.0046875
2 0.15546875 0.4875 0.0078125 0.00625
2 0.27265625 0.43671875 0.0078125 0.0046875
2 0.325 0.60390625 0.0140625 0.0078125