2 0.8171875 0.58515625 0.0375 0.0265625
2 0.7625 0.64375 0.03125 0.0203125
2 0.7390625 0.65703125 0.03125 0.015625
2 0.7234375 0.6921875 0.01875 0.0140625
2 0.678125 0.71015625 0.025 0.0171875
2 0.63203125 0.70234375 0.0171875 0.015625
2 0.5859375 0.65390625 0.021875 0.015625
2 0.628125 0.6609375 0.0265625 0.0171875
2 0.57109375 0.66796875 0.0078125 0.0125
2 0.6078125 0.7765625 0.0171875 0.01875
2 0.6890625 0.61640625 0.025 0.0203125
2 0.61171875 0.56875 0.028125 0.0234375
2 0.55703125 0.5265625 0.0265625 0.015625
2 0.7140625 0.52421875 0.0234375 0.01875
2 0.6640625 0.3890625 0.0265625 0.0203125
2 0.59296875 0.38828125 0.021875 0.0171875
2 0.525 0.359375 0.021875 0.0140625
2 0.58046875 0.31796875 0.015625 0.0140625
2 0.77421875 0.2328125 0.0234375 0.01875
2 0.684375 0.20234375 0.0234375 0.01875
2 0.41015625 0.34296875 0.0125 0.0125
2 0.390625 0.34296875 0.0140625 0.0078125
2 0.5203125 0.25859375 0.015625 0.0140625
2 0.36640625 0.553125 0.0140625 0.0109375
2 0.35234375 0.5625 0.0140625 0.0109375
2 0.59296875 0.76796875 0.015625 0.0109375