2 0.015625 0.42421875 0.03125 0.0453125
2 0.10859375 0.5546875 0.065625 0.05
2 0.3265625 0.690625 0.078125 0.0546875
2 0.32421875 0.72578125 0.0671875 0.046875
2 0.4078125 0.69296875 0.0875 0.0609375
2 0.4 0.296875 0.059375 0.046875
2 0.32109375 0.340625 0.046875 0.0296875
2 0.32890625 0.38984375 0.05625 0.0390625
2 0.46953125 0.371875 0.046875 0.0375
2 0.4078125 0.49140625 0.0578125 0.0390625
2 0.4953125 0.3140625 0.0515625 0.04375
2 0.62265625 0.2953125 0.0609375 0.034375
2 0.521875 0.340625 0.071875 0.034375
2 0.6078125 0.63515625 0.0671875 0.0671875
2 0.63828125 0.8375 0.05625 0.03125
2 0.66953125 0.665625 0.0828125 0.0609375
2 0.75859375 0.56640625 0.0890625 0.0625
2 0.87265625 0.309375 0.05625 0.04375
2 0.24375 0.59609375 0.0484375 0.040625
2 0.7734375 0.90546875 0.0296875 0.0296875
2 0.3546875 0.86484375 0.0453125 0.0390625