2 0.36015625 0.45390625 0.01875 0.0234375
2 0.21328125 0.9859375 0.0171875 0.0265625
2 0.65625 0.4453125 0.009375 0.009375
2 0.21953125 0.54765625 0.0234375 0.0203125
2 0.38203125 0.48046875 0.01875 0.025
2 0.3109375 0.4546875 0.0171875 0.0234375
2 0.2890625 0.26484375 0.0125 0.0203125
2 0.75234375 0.5078125 0.0078125 0.009375
2 0.775 0.52890625 0.0125 0.0125
2 0.33359375 0.52265625 0.0171875 0.015625
2 0.4140625 0.41640625 0.0140625 0.0140625
2 0.6203125 0.3421875 0.0046875 0.0078125
2 0.575 0.3984375 0.0078125 0.009375
2 0.5484375 0.34375 0.00625 0.009375
2 0.6859375 0.40859375 0.0078125 0.0109375
2 0.34921875 0.53203125 0.0171875 0.0171875
2 0.0421875 0.55 0.025 0.025
2 0.753125 0.603125 0.0125 0.0125
2 0.75546875 0.3546875 0.0125 0.0125
2 0.22734375 0.271875 0.0234375 0.0171875
2 0.403125 0.47890625 0.021875 0.01875
2 0.32734375 0.3640625 0.021875 0.0265625
2 0.5484375 0.375 0.00625 0.009375
2 0.2125 0.690625 0.0078125 0.015625
2 0.6234375 0.40625 0.00625 0.009375
2 0.63046875 0.5140625 0.0078125 0.009375
2 0.709375 0.3859375 0.0078125 0.009375
2 0.70625 0.44453125 0.0078125 0.009375
2 0.7796875 0.43828125 0.009375 0.009375
2 0.63125 0.5234375 0.0109375 0.0109375
2 0.7546875 0.46640625 0.0078125 0.0109375
2 0.80546875 0.58046875 0.0125 0.0125
2 0.79296875 0.41484375 0.009375 0.009375
2 0.74296875 0.45390625 0.009375 0.0109375
2 0.79453125 0.36875 0.0125 0.009375
2 0.78515625 0.51328125 0.0125 0.0125
2 0.47734375 0.42734375 0.00625 0.009375
2 0.09140625 0.6640625 0.01875 0.0203125
2 0.72265625 0.51953125 0.0078125 0.0109375
2 0.26953125 0.49375 0.0109375 0.0140625
2 0.8140625 0.47109375 0.009375 0.0078125
2 0.79921875 0.421875 0.0109375 0.009375
2 0.23359375 0.29609375 0.015625 0.0203125
2 0.4046875 0.53203125 0.0125 0.015625
2 0.33125 0.67265625 0.01875 0.0203125
2 0.48359375 0.42421875 0.00625 0.009375
2 0.48125 0.4125 0.00625 0.00625
2 0.5125 0.43046875 0.00625 0.0078125
2 0.53359375 0.42578125 0.0078125 0.009375
2 0.5453125 0.43125 0.0078125 0.009375
2 0.55234375 0.38671875 0.0078125 0.0078125
2 0.56796875 0.39296875 0.00625 0.009375
2 0.53828125 0.34140625 0.0078125 0.0078125
2 0.5484375 0.32890625 0.0078125 0.0078125
2 0.55078125 0.3375 0.00625 0.00625
2 0.56171875 0.325 0.0078125 0.0078125
2 0.5703125 0.30703125 0.0078125 0.0078125
2 0.5984375 0.33515625 0.0078125 0.0078125
2 0.62421875 0.3375 0.0046875 0.0078125
2 0.6140625 0.3390625 0.0046875 0.0046875
2 0.52890625 0.46875 0.0078125 0.0109375
2 0.52109375 0.4578125 0.0046875 0.009375
2 0.51484375 0.4578125 0.0046875 0.0078125
2 0.53203125 0.47890625 0.0078125 0.009375
2 0.54765625 0.4796875 0.0078125 0.009375
2 0.57578125 0.49140625 0.0078125 0.0109375
2 0.584375 0.48125 0.0078125 0.009375
2 0.59921875 0.46015625 0.00625 0.0078125
2 0.65390625 0.45234375 0.0078125 0.0078125
2 0.709375 0.3765625 0.0078125 0.009375
2 0.71796875 0.38671875 0.0078125 0.009375
2 0.7203125 0.38046875 0.0046875 0.0078125
2 0.79375 0.47890625 0.0078125 0.009375
2 0.74609375 0.5140625 0.0046875 0.0078125
2 0.75703125 0.48671875 0.00625 0.0078125
2 0.61953125 0.5375 0.0078125 0.009375
2 0.65546875 0.54921875 0.0046875 0.009375
2 0.690625 0.54375 0.0078125 0.009375
2 0.6890625 0.55546875 0.009375 0.009375
2 0.7 0.55390625 0.0078125 0.009375
2 0.690625 0.5734375 0.0046875 0.0078125
2 0.6671875 0.5640625 0.0078125 0.009375
2 0.6515625 0.55859375 0.0078125 0.009375
2 0.64921875 0.56640625 0.0078125 0.009375
2 0.6359375 0.559375 0.0078125 0.0109375
2 0.6234375 0.5578125 0.0078125 0.0125
2 0.63046875 0.5625 0.00625 0.00625
2 0.62734375 0.56484375 0.009375 0.00625
2 0.61328125 0.53828125 0.0078125 0.009375
2 0.52890625 0.4875 0.00625 0.00625
2 0.5453125 0.496875 0.0078125 0.0078125
2 0.56015625 0.50703125 0.0046875 0.0078125
2 0.56875 0.5203125 0.00625 0.0078125
2 0.57578125 0.51796875 0.0078125 0.0109375
2 0.55546875 0.55859375 0.0078125 0.009375
2 0.56328125 0.55625 0.0078125 0.00625
2 0.54609375 0.56328125 0.00625 0.0078125
2 0.5359375 0.56015625 0.00625 0.0078125
2 0.546875 0.57109375 0.0078125 0.0078125
2 0.515625 0.503125 0.0046875 0.0078125
2 0.5078125 0.50234375 0.00625 0.0078125
2 0.48671875 0.51328125 0.0046875 0.0046875
2 0.50703125 0.51171875 0.0046875 0.0078125
2 0.63203125 0.303125 0.0046875 0.0078125