2 0.47421875 0.2 0.01875 0.0140625
2 0.396875 0.24921875 0.0203125 0.0140625
2 0.3578125 0.3203125 0.015625 0.0140625
2 0.34453125 0.31953125 0.0140625 0.0125
2 0.50390625 0.37578125 0.021875 0.015625
2 0.51953125 0.3921875 0.0203125 0.015625
2 0.49375 0.409375 0.021875 0.015625
2 0.428125 0.42578125 0.0171875 0.015625
2 0.48203125 0.40625 0.009375 0.009375
2 0.56171875 0.4625 0.01875 0.0125
2 0.37421875 0.48515625 0.0140625 0.0078125
2 0.4171875 0.54140625 0.01875 0.0125
2 0.43671875 0.54453125 0.01875 0.0125
2 0.47734375 0.5546875 0.0171875 0.0109375
2 0.49140625 0.5609375 0.0171875 0.009375
2 0.52578125 0.571875 0.0203125 0.0125
2 0.4015625 0.559375 0.0109375 0.0125
2 0.38828125 0.56015625 0.0171875 0.0125
2 0.36875 0.56484375 0.0109375 0.0109375
2 0.35546875 0.56796875 0.015625 0.0125
2 0.3328125 0.54609375 0.0140625 0.0109375
2 0.22578125 0.5984375 0.01875 0.0125
2 0.40390625 0.578125 0.0171875 0.0125
2 0.3890625 0.58203125 0.015625 0.0125
2 0.371875 0.60390625 0.0140625 0.0078125
2 0.453125 0.56875 0.01875 0.0125
2 0.540625 0.621875 0.015625 0.0125
2 0.53515625 0.63515625 0.0171875 0.0125
2 0.7515625 0.53046875 0.0203125 0.0109375
2 0.7609375 0.5421875 0.015625 0.0109375
2 0.8421875 0.53828125 0.0203125 0.0125
2 0.92109375 0.575 0.0203125 0.0125
2 0.90703125 0.4640625 0.021875 0.009375
2 0.93984375 0.4421875 0.015625 0.0109375
2 0.89609375 0.63359375 0.0109375 0.0109375
2 0.9046875 0.63515625 0.0125 0.0109375
2 0.78828125 0.6625 0.0203125 0.015625
2 0.8 0.66328125 0.0109375 0.0125
2 0.84140625 0.678125 0.009375 0.0109375
2 0.85625 0.66953125 0.01875 0.00625
2 0.903125 0.66484375 0.015625 0.0078125
2 0.78515625 0.7203125 0.0171875 0.009375
2 0.58046875 0.6390625 0.0171875 0.009375
2 0.33828125 0.51875 0.0125 0.0109375
2 0.3125 0.52109375 0.0109375 0.009375
2 0.18203125 0.38125 0.0140625 0.009375
2 0.34375 0.40234375 0.015625 0.009375