2 0.2078125 0.44921875 0.003125 0.003125
2 0.2015625 0.46796875 0.003125 0.003125
2 0.19921875 0.4671875 0.003125 0.0015625
2 0.190625 0.47421875 0.0046875 0.003125
2 0.1984375 0.47578125 0.0046875 0.003125
2 0.19609375 0.4765625 0.0015625 0.003125
2 0.2109375 0.465625 0.0046875 0.003125
2 0.2125 0.46328125 0.003125 0.0015625
2 0.22578125 0.45546875 0.003125 0.003125
2 0.221875 0.459375 0.003125 0.003125
2 0.2203125 0.4625 0.0046875 0.003125
2 0.215625 0.46484375 0.003125 0.003125
2 0.21796875 0.46640625 0.0046875 0.003125
2 0.221875 0.46640625 0.003125 0.003125
2 0.22578125 0.459375 0.003125 0.0015625
2 0.22421875 0.45859375 0.003125 0.003125
2 0.24765625 0.45 0.0046875 0.003125
2 0.22890625 0.43984375 0.003125 0.0015625
2 0.2609375 0.4578125 0.003125 0.003125
2 0.24921875 0.4671875 0.0046875 0.003125
2 0.2453125 0.46953125 0.003125 0.0015625
2 0.2421875 0.4734375 0.003125 0.003125
2 0.24765625 0.47109375 0.003125 0.003125
2 0.23515625 0.4796875 0.003125 0.0015625
2 0.23359375 0.48359375 0.003125 0.0015625
2 0.228125 0.4859375 0.003125 0.003125
2 0.234375 0.48515625 0.0046875 0.0015625
2 0.2265625 0.47578125 0.003125 0.003125
2 0.23046875 0.47421875 0.0046875 0.003125
2 0.228125 0.4703125 0.0046875 0.003125
2 0.23203125 0.46484375 0.003125 0.003125
2 0.22890625 0.46171875 0.003125 0.003125
2 0.22734375 0.46328125 0.003125 0.0015625
2 0.28828125 0.475 0.0078125 0.00625
2 0.3234375 0.8421875 0.0234375 0.0171875
2 0.33359375 0.8515625 0.0234375 0.0203125
2 0.365625 0.87421875 0.028125 0.0203125
2 0.5890625 0.8484375 0.0234375 0.021875
2 0.565625 0.81484375 0.0234375 0.01875
2 0.5125 0.77421875 0.034375 0.0265625
2 0.48515625 0.7671875 0.0234375 0.01875
2 0.4171875 0.96328125 0.034375 0.0265625
2 0.35859375 0.7375 0.021875 0.015625
2 0.3484375 0.79375 0.0203125 0.0125
2 0.371875 0.63203125 0.0109375 0.0078125
2 0.3921875 0.6296875 0.0234375 0.0125
2 0.3890625 0.6390625 0.0140625 0.009375
2 0.415625 0.58203125 0.0171875 0.015625
2 0.49375 0.6125 0.0234375 0.01875
2 0.3984375 0.5390625 0.0171875 0.0125
2 0.42578125 0.53515625 0.0171875 0.009375
2 0.4421875 0.5484375 0.021875 0.01875
2 0.55859375 0.5625 0.021875 0.0125
2 0.50546875 0.5796875 0.0171875 0.0109375
2 0.43671875 0.4734375 0.0265625 0.0171875
2 0.55 0.47734375 0.028125 0.0234375
2 0.6765625 0.5375 0.03125 0.025
2 0.634375 0.49375 0.0234375 0.0234375
2 0.6609375 0.471875 0.028125 0.0171875
2 0.671875 0.4359375 0.0234375 0.01875
2 0.615625 0.4 0.0265625 0.01875
2 0.634375 0.409375 0.0265625 0.0171875
2 0.33515625 0.50078125 0.0234375 0.015625
2 0.33828125 0.52734375 0.0078125 0.00625
2 0.30625 0.53046875 0.0078125 0.0046875
2 0.32109375 0.54375 0.0078125 0.00625
2 0.3296875 0.55390625 0.009375 0.0078125
2 0.34375 0.546875 0.0078125 0.00625
2 0.30546875 0.5609375 0.0109375 0.0078125
2 0.3484375 0.459375 0.009375 0.0078125
2 0.3375 0.46953125 0.00625 0.00625
2 0.384375 0.35390625 0.021875 0.0171875
2 0.4125 0.34296875 0.0328125 0.0203125
2 0.475 0.36484375 0.0359375 0.025
2 0.4265625 0.30859375 0.0234375 0.015625
2 0.4671875 0.30703125 0.03125 0.025
2 0.5203125 0.3078125 0.0359375 0.028125
2 0.496875 0.31484375 0.03125 0.0265625
2 0.5765625 0.32109375 0.0359375 0.028125
2 0.640625 0.1765625 0.0359375 0.025
2 0.60234375 0.14140625 0.03125 0.025
2 0.60546875 0.28515625 0.040625 0.028125
2 0.63671875 0.2953125 0.0359375 0.028125
2 0.69765625 0.271875 0.0421875 0.028125
2 0.82734375 0.23671875 0.0375 0.0328125
2 0.80703125 0.16484375 0.03125 0.021875
2 0.8921875 0.16328125 0.0265625 0.028125
2 0.92109375 0.1640625 0.0359375 0.028125
2 0.846875 0.240625 0.040625 0.0265625
2 0.89140625 0.2546875 0.040625 0.028125
2 0.86796875 0.24921875 0.021875 0.015625
2 0.8546875 0.26328125 0.03125 0.025
2 0.88125 0.27890625 0.0375 0.028125
2 0.84296875 0.30625 0.0375 0.0296875
2 0.70703125 0.34609375 0.021875 0.028125
2 0.7296875 0.3453125 0.0265625 0.0234375
2 0.7328125 0.3703125 0.028125 0.0234375
2 0.7546875 0.375 0.034375 0.021875
2 0.784375 0.37265625 0.0234375 0.01875
2 0.7953125 0.36015625 0.0234375 0.0125
2 0.83515625 0.3609375 0.03125 0.0234375
2 0.7421875 0.478125 0.05 0.03125
2 0.70625 0.5546875 0.0390625 0.025
2 0.71640625 0.58671875 0.0359375 0.025
2 0.76171875 0.5703125 0.0390625 0.028125
2 0.796875 0.56953125 0.0375 0.0203125
2 0.86875 0.5609375 0.0359375 0.0265625
2 0.88046875 0.690625 0.021875 0.01875
2 0.87890625 0.7640625 0.01875 0.0171875
2 0.8890625 0.8828125 0.0203125 0.0171875
2 0.9390625 0.83828125 0.01875 0.0171875
2 0.9765625 0.87265625 0.0234375 0.021875
2 0.71796875 0.92265625 0.03125 0.025
2 0.75 0.9921875 0.03125 0.015625
2 0.875 0.65703125 0.01875 0.015625
2 0.9140625 0.61953125 0.01875 0.0125
2 0.88515625 0.6359375 0.0234375 0.015625
2 0.671875 0.690625 0.0203125 0.0140625
2 0.5890625 0.63125 0.0234375 0.0171875
2 0.5625 0.72890625 0.03125 0.0203125
2 0.603125 0.66796875 0.015625 0.0125
2 0.65 0.65 0.0234375 0.015625
2 0.5265625 0.5609375 0.0203125 0.015625
2 0.88828125 0.4734375 0.040625 0.0296875
2 0.72421875 0.3984375 0.03125 0.0203125
2 0.853125 0.38515625 0.028125 0.0203125
2 0.909375 0.4046875 0.040625 0.0296875
2 0.92578125 0.4171875 0.0359375 0.025
2 0.86953125 0.30625 0.021875 0.0140625
2 0.9046875 0.30078125 0.025 0.0171875
2 0.95625 0.30546875 0.0328125 0.028125
2 0.928125 0.34375 0.0375 0.025
2 0.9828125 0.3421875 0.0265625 0.015625
2 0.95703125 0.33671875 0.03125 0.0203125
2 0.9890625 0.36953125 0.021875 0.0234375
2 0.9671875 0.24375 0.025 0.01875
2 0.7421875 0.234375 0.040625 0.021875
2 0.9828125 0.17734375 0.034375 0.0328125