2 0.9484375 0.59453125 0.078125 0.0828125
2 0.11953125 0.2453125 0.06875 0.0796875
2 0.959375 0.85625 0.0703125 0.053125
2 0.7890625 0.521875 0.0359375 0.0390625
2 0.98125 0.94921875 0.0375 0.0515625
2 0.70234375 0.5875 0.0375 0.0421875
2 0.76015625 0.55078125 0.0296875 0.04375
2 0.3046875 0.57578125 0.04375 0.0578125
2 0.75703125 0.4125 0.0359375 0.0515625
2 0.33203125 0.69921875 0.0359375 0.04375
2 0.2359375 0.6578125 0.0140625 0.0125
2 0.9390625 0.9328125 0.059375 0.0640625
2 0.01015625 0.625 0.0203125 0.0375
2 0.0609375 0.73984375 0.01875 0.021875
2 0.040625 0.5765625 0.015625 0.0125
2 0.65859375 0.653125 0.0203125 0.0203125
2 0.253125 0.7046875 0.0078125 0.0109375
2 0.7171875 0.44921875 0.0171875 0.015625
2 0.0515625 0.21796875 0.0453125 0.05
2 0.63515625 0.6015625 0.0328125 0.040625
2 0.8640625 0.78515625 0.025 0.0375
2 0.29921875 0.853125 0.015625 0.0203125
2 0.39140625 0.42578125 0.034375 0.04375
2 0.41953125 0.446875 0.025 0.0359375
2 0.20859375 0.34765625 0.034375 0.04375
2 0.21171875 0.28984375 0.0203125 0.0421875
2 0.3125 0.18515625 0.0359375 0.0328125
2 0.25703125 0.1703125 0.0296875 0.0484375
2 0.70078125 0.53984375 0.025 0.034375
2 0.77734375 0.0875 0.028125 0.028125