2 0.0140625 0.2953125 0.021875 0.0140625
2 0.05546875 0.2984375 0.0140625 0.009375
2 0.01875 0.35703125 0.0203125 0.0125
2 0.0578125 0.375 0.0171875 0.009375
2 0.0234375 0.40390625 0.015625 0.009375
2 0.00859375 0.4265625 0.0171875 0.0109375
2 0.1015625 0.50625 0.0234375 0.015625
2 0.05703125 0.52421875 0.025 0.015625
2 0.209375 0.5265625 0.01875 0.01875
2 0.015625 0.62890625 0.015625 0.0109375
2 0.04765625 0.62890625 0.0234375 0.0140625
2 0.1484375 0.6421875 0.015625 0.0125
2 0.334375 0.62890625 0.0203125 0.0140625
2 0.22578125 0.35390625 0.0171875 0.0140625
2 0.20546875 0.2796875 0.0203125 0.0140625
2 0.2328125 0.21640625 0.021875 0.0171875
2 0.2625 0.24921875 0.021875 0.015625
2 0.20546875 0.16640625 0.0171875 0.0171875
2 0.33984375 0.19921875 0.0234375 0.01875
2 0.4828125 0.20234375 0.021875 0.0171875
2 0.36171875 0.29140625 0.0234375 0.015625
2 0.43828125 0.3265625 0.034375 0.0234375
2 0.42578125 0.3421875 0.0203125 0.0171875
2 0.446875 0.34765625 0.03125 0.0203125
2 0.453125 0.35703125 0.0234375 0.0109375
2 0.38046875 0.4375 0.0296875 0.021875
2 0.4109375 0.4265625 0.0234375 0.0203125
2 0.45390625 0.46640625 0.0234375 0.0171875
2 0.525 0.48984375 0.028125 0.021875
2 0.40234375 0.65859375 0.0234375 0.0171875
2 0.4046875 0.71484375 0.01875 0.0140625
2 0.36796875 0.76171875 0.015625 0.0140625
2 0.2171875 0.80546875 0.021875 0.0171875
2 0.315625 0.84453125 0.0203125 0.0171875
2 0.48203125 0.7609375 0.0203125 0.015625
2 0.56953125 0.7828125 0.0234375 0.0171875
2 0.5859375 0.79375 0.021875 0.0171875
2 0.56796875 0.81953125 0.021875 0.0171875
2 0.6015625 0.79765625 0.015625 0.0140625
2 0.659375 0.7484375 0.0234375 0.0171875
2 0.67109375 0.77890625 0.0203125 0.015625
2 0.66328125 0.8125 0.0203125 0.0171875
2 0.6171875 0.66953125 0.0203125 0.015625
2 0.69296875 0.6859375 0.021875 0.0125
2 0.7109375 0.74609375 0.01875 0.0125
2 0.7 0.7984375 0.0234375 0.015625
2 0.75 0.78984375 0.01875 0.015625
2 0.57421875 0.55703125 0.021875 0.015625
2 0.58203125 0.51484375 0.0203125 0.015625
2 0.565625 0.5171875 0.0125 0.0109375
2 0.59453125 0.509375 0.015625 0.01875
2 0.634375 0.50625 0.0203125 0.015625
2 0.67265625 0.55859375 0.0171875 0.0140625
2 0.6796875 0.57109375 0.0203125 0.0140625
2 0.6921875 0.51015625 0.0125 0.0109375
2 0.6984375 0.4953125 0.0203125 0.0140625
2 0.659375 0.46328125 0.0203125 0.015625
2 0.61875 0.44140625 0.01875 0.0140625
2 0.621875 0.45078125 0.021875 0.0109375
2 0.59140625 0.42109375 0.0203125 0.0140625
2 0.52265625 0.41328125 0.01875 0.0171875
2 0.52890625 0.3140625 0.021875 0.0171875
2 0.58671875 0.3375 0.0234375 0.0171875
2 0.6421875 0.33828125 0.0171875 0.015625
2 0.6296875 0.309375 0.015625 0.0140625
2 0.64375 0.2609375 0.0265625 0.01875
2 0.6140625 0.240625 0.015625 0.01875
2 0.66171875 0.209375 0.021875 0.0171875
2 0.6734375 0.21953125 0.0203125 0.0140625
2 0.7453125 0.171875 0.0203125 0.01875
2 0.78359375 0.20625 0.0171875 0.015625
2 0.7421875 0.24140625 0.0171875 0.0140625
2 0.76328125 0.25 0.0203125 0.015625
2 0.71328125 0.26875 0.0203125 0.0203125
2 0.73203125 0.275 0.0171875 0.0140625
2 0.84921875 0.2859375 0.0171875 0.0140625
2 0.88359375 0.2625 0.0171875 0.0125
2 0.66171875 0.4015625 0.025 0.0203125
2 0.6984375 0.40859375 0.01875 0.0171875
2 0.709375 0.41875 0.0203125 0.0140625
2 0.73828125 0.3609375 0.01875 0.015625
2 0.7546875 0.35703125 0.0171875 0.0140625
2 0.78125 0.3828125 0.021875 0.015625
2 0.8734375 0.38046875 0.015625 0.0109375
2 0.77421875 0.46484375 0.01875 0.0140625
2 0.76796875 0.4953125 0.0203125 0.015625
2 0.78515625 0.5125 0.0203125 0.0140625
2 0.72421875 0.446875 0.0171875 0.009375
2 0.74140625 0.565625 0.015625 0.0109375
2 0.88984375 0.67109375 0.0171875 0.0140625
2 0.9046875 0.6734375 0.021875 0.0125
2 0.95390625 0.64765625 0.0234375 0.0109375
2 0.984375 0.64765625 0.01875 0.0125
2 0.98515625 0.7015625 0.0171875 0.0125
2 0.96796875 0.72578125 0.0203125 0.0125
2 0.9140625 0.72265625 0.01875 0.0140625
2 0.85390625 0.7265625 0.0171875 0.0125
2 0.83359375 0.7265625 0.0203125 0.0125
2 0.840625 0.7796875 0.0140625 0.015625
2 0.91171875 0.7828125 0.015625 0.0125
2 0.92734375 0.784375 0.01875 0.0109375
2 0.946875 0.771875 0.01875 0.009375
2 0.9625 0.76484375 0.0171875 0.0125
2 0.95703125 0.80078125 0.01875 0.0125