2 0.834375 0.825 0.0234375 0.025
2 0.96640625 0.61796875 0.0265625 0.0296875
2 0.97890625 0.5671875 0.0296875 0.0328125
2 0.66796875 0.23359375 0.0234375 0.028125
2 0.86640625 0.8390625 0.0203125 0.025
2 0.45546875 0.196875 0.01875 0.0203125
2 0.746875 0.23046875 0.0265625 0.028125
2 0.8484375 0.86875 0.021875 0.028125
2 0.65859375 0.38515625 0.0203125 0.021875
2 0.7203125 0.8890625 0.01875 0.021875
2 0.53046875 0.884375 0.01875 0.0203125
2 0.57734375 0.4140625 0.01875 0.021875
2 0.56875 0.7359375 0.0140625 0.015625
2 0.5078125 0.82890625 0.0171875 0.025
2 0.59609375 0.3296875 0.0203125 0.0234375
2 0.60859375 0.684375 0.015625 0.0171875
2 0.54140625 0.68046875 0.0140625 0.0203125
2 0.59296875 0.86640625 0.015625 0.0203125
2 0.45859375 0.71015625 0.015625 0.015625
2 0.84609375 0.209375 0.021875 0.025
2 0.4703125 0.51953125 0.0171875 0.0171875
2 0.62890625 0.85859375 0.015625 0.0125
2 0.4171875 0.29296875 0.021875 0.025
2 0.48671875 0.36953125 0.01875 0.01875
2 0.51171875 0.74921875 0.0109375 0.0140625
2 0.52421875 0.253125 0.015625 0.015625
2 0.5796875 0.91015625 0.01875 0.0203125
2 0.6796875 0.35 0.0171875 0.0234375
2 0.90234375 0.3296875 0.01875 0.021875
2 0.62734375 0.296875 0.0203125 0.01875
2 0.41171875 0.46953125 0.015625 0.01875
2 0.54140625 0.453125 0.0125 0.0171875
2 0.67734375 0.2765625 0.015625 0.0203125
2 0.27265625 0.94453125 0.0203125 0.0234375
2 0.91640625 0.57734375 0.01875 0.0203125
2 0.76328125 0.9328125 0.015625 0.01875
2 0.46796875 0.16640625 0.0203125 0.021875
2 0.75703125 0.32734375 0.015625 0.0171875
2 0.77265625 0.4671875 0.015625 0.01875
2 0.54296875 0.771875 0.0125 0.0140625
2 0.46484375 0.8125 0.015625 0.0140625
2 0.72421875 0.92421875 0.015625 0.015625
2 0.46015625 0.228125 0.0140625 0.0171875
2 0.5734375 0.88125 0.0125 0.015625
2 0.38984375 0.3234375 0.0171875 0.01875
2 0.81875 0.84921875 0.015625 0.0203125
2 0.3171875 0.4359375 0.0078125 0.009375
2 0.69921875 0.7609375 0.0171875 0.015625
2 0.61171875 0.21640625 0.0203125 0.021875
2 0.4375 0.75390625 0.0140625 0.0125
2 0.64609375 0.265625 0.0203125 0.021875
2 0.8484375 0.33828125 0.01875 0.021875
2 0.47734375 0.7859375 0.0125 0.0125
2 0.55625 0.70625 0.015625 0.0125
2 0.73203125 0.4734375 0.015625 0.0171875
2 0.28984375 0.378125 0.00625 0.00625
2 0.3125 0.45859375 0.00625 0.00625
2 0.56640625 0.434375 0.015625 0.0140625
2 0.98203125 0.48359375 0.015625 0.0171875
2 0.509375 0.4171875 0.0109375 0.0125
2 0.29375 0.82109375 0.015625 0.0140625
2 0.96171875 0.646875 0.01875 0.01875
2 0.51328125 0.40546875 0.0140625 0.015625
2 0.88515625 0.9890625 0.0140625 0.0171875
2 0.459375 0.18125 0.0203125 0.028125
2 0.4953125 0.8234375 0.0140625 0.0203125
2 0.39921875 0.22109375 0.015625 0.01875
2 0.3890625 0.2296875 0.0125 0.0140625
2 0.28828125 0.38515625 0.00625 0.0078125
2 0.2953125 0.38125 0.00625 0.0078125
2 0.303125 0.37734375 0.00625 0.0078125
2 0.296875 0.34140625 0.00625 0.00625
2 0.334375 0.3625 0.0078125 0.0078125
2 0.27734375 0.38046875 0.00625 0.00625
2 0.2875 0.43671875 0.0046875 0.00625
2 0.25625 0.38828125 0.0046875 0.00625
2 0.5234375 0.77421875 0.0109375 0.0125
2 0.52265625 0.784375 0.0078125 0.009375