2 0.396875 0.6421875 0.0375 0.0234375
2 0.4078125 0.6765625 0.034375 0.0265625
2 0.69921875 0.47109375 0.0359375 0.0296875
2 0.7796875 0.26015625 0.0453125 0.03125
2 0.23359375 0.88203125 0.028125 0.025
2 0.840625 0.64765625 0.0359375 0.03125
2 0.94140625 0.44140625 0.0375 0.0328125
2 0.81875 0.33984375 0.053125 0.0296875
2 0.71171875 0.29375 0.03125 0.03125
2 0.4171875 0.5234375 0.034375 0.0203125
2 0.40625 0.40234375 0.0359375 0.021875
2 0.3328125 0.48515625 0.021875 0.021875
2 0.7875 0.54140625 0.034375 0.0203125
2 0.2734375 0.88828125 0.021875 0.0171875
2 0.83046875 0.77890625 0.05 0.028125
2 0.75859375 0.55234375 0.028125 0.0234375
2 0.5359375 0.59375 0.025 0.01875
2 0.2703125 0.4078125 0.021875 0.0203125
2 0.41484375 0.8390625 0.0265625 0.0203125
2 0.91171875 0.45234375 0.0265625 0.025
2 0.2625 0.86640625 0.0234375 0.0203125
2 0.4578125 0.87109375 0.021875 0.0171875
2 0.5453125 0.8359375 0.0203125 0.01875
2 0.69296875 0.43515625 0.025 0.0203125
2 0.3640625 0.915625 0.015625 0.0140625
2 0.41484375 0.30859375 0.025 0.0171875