2 0.275 0.22734375 0.040625 0.028125
2 0.23515625 0.30625 0.0359375 0.0234375
2 0.03125 0.36484375 0.0328125 0.021875
2 0.2546875 0.14296875 0.03125 0.028125
2 0.440625 0.7109375 0.04375 0.025
2 0.01796875 0.57890625 0.0328125 0.01875
2 0.37421875 0.5296875 0.0328125 0.025
2 0.3296875 0.20546875 0.0453125 0.0296875
2 0.39375 0.28671875 0.034375 0.028125
2 0.68828125 0.3125 0.0421875 0.0265625
2 0.41015625 0.38515625 0.0375 0.0234375
2 0.6140625 0.428125 0.028125 0.0203125
2 0.46015625 0.596875 0.025 0.021875
2 0.5875 0.40625 0.040625 0.025
2 0.5421875 0.4140625 0.03125 0.028125
2 0.1328125 0.13515625 0.040625 0.028125
2 0.06015625 0.63046875 0.03125 0.021875
2 0.36484375 0.334375 0.03125 0.021875
2 0.58046875 0.43828125 0.0359375 0.028125
2 0.2859375 0.39375 0.0234375 0.021875
2 0.0671875 0.68359375 0.03125 0.0203125
2 0.56875 0.2890625 0.0390625 0.0234375
2 0.471875 0.5625 0.025 0.01875
2 0.0828125 0.38359375 0.021875 0.0171875
2 0.01953125 0.7078125 0.0234375 0.015625
2 0.44765625 0.46328125 0.025 0.021875
2 0.50859375 0.46015625 0.0234375 0.01875
2 0.18125 0.78046875 0.01875 0.015625
2 0.4046875 0.23828125 0.028125 0.0234375
2 0.0234375 0.2640625 0.0265625 0.021875
2 0.72109375 0.21484375 0.034375 0.0234375
2 0.246875 0.6734375 0.0265625 0.0234375
2 0.7234375 0.38046875 0.0328125 0.0234375
2 0.3703125 0.4125 0.0203125 0.01875
2 0.22578125 0.7421875 0.01875 0.0171875
2 0.09609375 0.41953125 0.0203125 0.01875
2 0.3171875 0.940625 0.0328125 0.0234375
2 0.8015625 0.58515625 0.0234375 0.0171875
2 0.74609375 0.49609375 0.0234375 0.01875
2 0.01328125 0.52734375 0.0234375 0.01875
2 0.56796875 0.4953125 0.0234375 0.0203125
2 0.07109375 0.55546875 0.015625 0.0125
2 0.05625 0.259375 0.03125 0.021875
2 0.6640625 0.31484375 0.01875 0.0171875
2 0.76171875 0.446875 0.01875 0.0140625
2 0.034375 0.29296875 0.01875 0.0171875
2 0.50703125 0.68046875 0.028125 0.0234375
2 0.33984375 0.5296875 0.0203125 0.0203125
2 0.8234375 0.60078125 0.0203125 0.015625
2 0.44375 0.54296875 0.0203125 0.0171875
2 0.79453125 0.3671875 0.0234375 0.0171875
2 0.53515625 0.4828125 0.01875 0.01875
2 0.725 0.71640625 0.0234375 0.0171875
2 0.39453125 0.55 0.0203125 0.0109375
2 0.00859375 0.51015625 0.0140625 0.015625
2 0.40859375 0.26171875 0.034375 0.0203125
2 0.3515625 0.55625 0.015625 0.01875
2 0.84140625 0.58671875 0.01875 0.015625
2 0.21875 0.11171875 0.03125 0.028125
2 0.35234375 0.1015625 0.028125 0.01875
2 0.73203125 0.17109375 0.0265625 0.0171875
2 0.83359375 0.446875 0.021875 0.015625
2 0.81796875 0.47265625 0.0171875 0.0171875
2 0.83828125 0.465625 0.0234375 0.0140625
2 0.86640625 0.484375 0.0234375 0.0140625
2 0.8890625 0.48125 0.0234375 0.0203125
2 0.91484375 0.47578125 0.028125 0.01875
2 0.903125 0.49453125 0.0234375 0.015625
2 0.8984375 0.509375 0.021875 0.0140625
2 0.9046875 0.56640625 0.0234375 0.0109375
2 0.9140625 0.5796875 0.021875 0.0125
2 0.93359375 0.57265625 0.01875 0.015625
2 0.59921875 0.55078125 0.0203125 0.0109375
2 0.56796875 0.5390625 0.0140625 0.0109375
2 0.78515625 0.60078125 0.0234375 0.015625
2 0.8 0.63125 0.0234375 0.015625
2 0.92578125 0.45625 0.0203125 0.0140625
2 0.98828125 0.4484375 0.0234375 0.0140625
2 0.99296875 0.43359375 0.0140625 0.0171875
2 0.7453125 0.265625 0.015625 0.01875