2 0.51796875 0.5765625 0.015625 0.015625
2 0.53984375 0.63203125 0.0125 0.0125
2 0.49375 0.40625 0.0125 0.0140625
2 0.6953125 0.4546875 0.0125 0.0125
2 0.415625 0.39140625 0.0140625 0.015625
2 0.6828125 0.48828125 0.0125 0.0125
2 0.5265625 0.315625 0.0109375 0.0140625
2 0.65859375 0.6375 0.0109375 0.0109375
2 0.58359375 0.36953125 0.0125 0.0140625
2 0.578125 0.6296875 0.0125 0.0109375
2 0.596875 0.52421875 0.0109375 0.0125
2 0.50078125 0.45 0.0109375 0.0125
2 0.6546875 0.509375 0.0109375 0.0125
2 0.56484375 0.4234375 0.009375 0.0125
2 0.484375 0.6453125 0.0125 0.0125
2 0.50546875 0.53359375 0.00625 0.0109375
2 0.38046875 0.4453125 0.0125 0.0140625
2 0.6953125 0.65859375 0.0125 0.0109375
2 0.46015625 0.39765625 0.0125 0.0125
2 0.55234375 0.59921875 0.0109375 0.0109375
2 0.4796875 0.5734375 0.0125 0.0109375
2 0.690625 0.54375 0.0140625 0.0109375
2 0.42421875 0.51328125 0.009375 0.009375
2 0.821875 0.67734375 0.0125 0.0125
2 0.35078125 0.58515625 0.0109375 0.0125
2 0.4421875 0.21640625 0.0125 0.0125
2 0.57421875 0.3875 0.0109375 0.0140625
2 0.73515625 0.559375 0.0078125 0.0125
2 0.471875 0.2984375 0.0078125 0.0140625
2 0.40390625 0.34453125 0.0109375 0.0140625
2 0.421875 0.47109375 0.0125 0.0109375
2 0.3109375 0.59140625 0.0109375 0.0125
2 0.728125 0.51171875 0.0125 0.0140625
2 0.40625 0.36484375 0.0125 0.0140625
2 0.49140625 0.62734375 0.0140625 0.0125
2 0.41796875 0.51875 0.0078125 0.0125
2 0.3640625 0.54609375 0.00625 0.0078125
2 0.3703125 0.56484375 0.00625 0.0109375
2 0.4171875 0.5421875 0.00625 0.0109375
2 0.42421875 0.54609375 0.0078125 0.0125
2 0.32265625 0.44921875 0.0078125 0.009375
2 0.39453125 0.475 0.0078125 0.0140625
2 0.3265625 0.3375 0.009375 0.0109375
2 0.3953125 0.30859375 0.0078125 0.009375
2 0.42734375 0.29765625 0.0109375 0.0125
2 0.48515625 0.3015625 0.009375 0.0140625
2 0.584375 0.6046875 0.00625 0.0109375
2 0.5890625 0.621875 0.0078125 0.0109375