2 0.06484375 0.5125 0.04375 0.0328125
2 0.00859375 0.29453125 0.0171875 0.025
2 0.071875 0.2203125 0.03125 0.0203125
2 0.23046875 0.271875 0.04375 0.028125
2 0.040625 0.37109375 0.0296875 0.021875
2 0.12265625 0.37578125 0.0328125 0.01875
2 0.18828125 0.37734375 0.0390625 0.028125
2 0.26953125 0.39296875 0.0359375 0.028125
2 0.27578125 0.36328125 0.03125 0.01875
2 0.19140625 0.42265625 0.0265625 0.025
2 0.44921875 0.33828125 0.021875 0.0171875
2 0.46328125 0.35078125 0.021875 0.01875
2 0.46328125 0.3640625 0.021875 0.0140625
2 0.2375 0.5234375 0.034375 0.025
2 0.2796875 0.56875 0.034375 0.0234375
2 0.2359375 0.6859375 0.03125 0.0171875
2 0.18046875 0.64453125 0.034375 0.0140625
2 0.059375 0.79609375 0.0375 0.028125
2 0.18359375 0.81640625 0.0328125 0.01875
2 0.01796875 0.896875 0.0359375 0.03125
2 0.53125 0.44609375 0.0140625 0.009375
2 0.5171875 0.4140625 0.0125 0.009375
2 0.540625 0.34921875 0.0109375 0.0078125
2 0.56328125 0.37421875 0.0125 0.0078125
2 0.584375 0.3578125 0.0109375 0.00625
2 0.61640625 0.35703125 0.0125 0.0078125
2 0.628125 0.3515625 0.0125 0.0109375
2 0.63515625 0.3625 0.0125 0.0078125
2 0.70859375 0.3390625 0.0171875 0.009375
2 0.74453125 0.33046875 0.015625 0.0125
2 0.775 0.34609375 0.0125 0.0125
2 0.759375 0.3765625 0.01875 0.0109375
2 0.75703125 0.39296875 0.0140625 0.009375
2 0.671875 0.4046875 0.0109375 0.009375
2 0.66328125 0.4125 0.015625 0.0109375
2 0.628125 0.4265625 0.015625 0.0109375
2 0.62578125 0.4390625 0.015625 0.0109375
2 0.615625 0.4484375 0.015625 0.0109375
2 0.6046875 0.446875 0.0109375 0.009375
2 0.62265625 0.4578125 0.0125 0.0109375
2 0.6125 0.46953125 0.0140625 0.0109375
2 0.61328125 0.4890625 0.015625 0.0109375
2 0.6546875 0.5140625 0.0125 0.009375
2 0.72109375 0.515625 0.0125 0.0109375
2 0.821875 0.48984375 0.0171875 0.0109375
2 0.8453125 0.4875 0.0203125 0.0109375
2 0.8078125 0.509375 0.0140625 0.0125
2 0.846875 0.54375 0.0171875 0.0125
2 0.83515625 0.5546875 0.0171875 0.009375
2 0.84296875 0.56640625 0.0140625 0.0109375
2 0.85390625 0.565625 0.0125 0.0125
2 0.73203125 0.5734375 0.015625 0.0078125
2 0.896875 0.53984375 0.015625 0.0125
2 0.93828125 0.52734375 0.015625 0.0125
2 0.97421875 0.559375 0.01875 0.0125
2 0.990625 0.57890625 0.0125 0.00625
2 0.84609375 0.60625 0.0171875 0.009375
2 0.0390625 0.48671875 0.040625 0.028125
2 0.0125 0.53984375 0.025 0.0203125
2 0.0140625 0.60859375 0.028125 0.0375
2 0.89453125 0.43671875 0.01875 0.0140625
2 0.9859375 0.36875 0.01875 0.0125
2 0.87265625 0.321875 0.0140625 0.009375
2 0.834375 0.3671875 0.0140625 0.0109375
2 0.79140625 0.41015625 0.021875 0.015625
2 0.47578125 0.321875 0.025 0.0125
2 0.55546875 0.4109375 0.015625 0.0109375
2 0.90859375 0.59296875 0.0171875 0.0140625