2 0.7984375 0.0109375 0.0203125 0.021875
2 0.9671875 0.26640625 0.0421875 0.05
2 0.496875 0.2484375 0.0234375 0.0328125
2 0.425 0.396875 0.0265625 0.0296875
2 0.4765625 0.4046875 0.0203125 0.028125
2 0.51328125 0.40859375 0.0203125 0.0265625
2 0.7546875 0.3328125 0.0265625 0.034375
2 0.77578125 0.3328125 0.021875 0.034375
2 0.80390625 0.29765625 0.0328125 0.040625
2 0.82578125 0.44140625 0.0265625 0.0328125
2 0.5859375 0.52578125 0.0265625 0.0328125
2 0.63203125 0.5671875 0.0234375 0.03125
2 0.5453125 0.57578125 0.0203125 0.03125
2 0.5625 0.584375 0.025 0.028125
2 0.471875 0.5234375 0.0171875 0.021875
2 0.771875 0.8421875 0.0359375 0.0375
2 0.8734375 0.76171875 0.0328125 0.0375
2 0.88984375 0.85546875 0.0296875 0.0453125
2 0.91328125 0.85390625 0.0203125 0.0375
2 0.8703125 0.8359375 0.0234375 0.034375
2 0.75703125 0.89921875 0.0328125 0.034375
2 0.65546875 0.94609375 0.01875 0.0234375
2 0.64453125 0.9234375 0.021875 0.0265625
2 0.63984375 0.85859375 0.0203125 0.0296875
2 0.62578125 0.89921875 0.0234375 0.0234375
2 0.61640625 0.9234375 0.0203125 0.03125
2 0.5796875 0.9296875 0.01875 0.025
2 0.5890625 0.8703125 0.01875 0.0265625
2 0.503125 0.79921875 0.009375 0.015625
2 0.55078125 0.85625 0.015625 0.025
2 0.70625 0.08125 0.015625 0.028125
2 0.21796875 0.46640625 0.0125 0.0203125
2 0.15078125 0.48828125 0.021875 0.025
2 0.2765625 0.5625 0.0109375 0.015625
2 0.19140625 0.46640625 0.0140625 0.0171875
2 0.11640625 0.590625 0.0171875 0.0265625
2 0.028125 0.7703125 0.021875 0.0140625