2 0.54921875 0.0390625 0.046875 0.03125
2 0.51484375 0.33515625 0.05 0.0390625
2 0.4609375 0.3328125 0.0515625 0.034375
2 0.51640625 0.4234375 0.0390625 0.0390625
2 0.578125 0.44453125 0.0515625 0.0359375
2 0.6609375 0.45859375 0.0484375 0.0359375
2 0.540625 0.490625 0.0453125 0.0359375
2 0.40703125 0.43203125 0.0359375 0.0359375
2 0.34375 0.421875 0.025 0.0171875
2 0.57265625 0.58046875 0.040625 0.028125
2 0.66953125 0.57578125 0.021875 0.015625
2 0.7859375 0.66171875 0.046875 0.0421875
2 0.6984375 0.72109375 0.034375 0.0203125
2 0.73046875 0.71484375 0.0328125 0.0296875
2 0.70859375 0.709375 0.028125 0.0125
2 0.77265625 0.78984375 0.03125 0.0234375
2 0.07421875 0.3671875 0.0125 0.009375
2 0.096875 0.38046875 0.0109375 0.0046875
2 0.146875 0.40078125 0.0140625 0.009375
2 0.24453125 0.340625 0.0203125 0.0140625
2 0.0484375 0.21796875 0.0171875 0.0125
2 0.0890625 0.27109375 0.0140625 0.0078125
2 0.2078125 0.27265625 0.0125 0.0109375
2 0.14765625 0.27890625 0.0125 0.00625
2 0.11640625 0.2921875 0.0125 0.0078125
2 0.178125 0.37890625 0.015625 0.0109375
2 0.053125 0.3265625 0.0109375 0.009375
2 0.05 0.3078125 0.00625 0.0078125
2 0.14375 0.215625 0.0125 0.0109375
2 0.1546875 0.24140625 0.009375 0.00625
2 0.17265625 0.190625 0.009375 0.0078125
2 0.58125 0.27421875 0.0390625 0.046875
2 0.7359375 0.3234375 0.0375 0.0265625
2 0.3671875 0.6578125 0.01875 0.0125
2 0.4984375 0.48671875 0.025 0.025