2 0.1 0.32734375 0.0484375 0.025
2 0.13046875 0.37734375 0.0234375 0.0203125
2 0.98203125 0.02578125 0.0359375 0.040625
2 0.715625 0.06171875 0.0328125 0.0234375
2 0.5578125 0.21171875 0.034375 0.028125
2 0.40546875 0.3359375 0.05 0.040625
2 0.31484375 0.31015625 0.034375 0.03125
2 0.2390625 0.3 0.0390625 0.025
2 0.25078125 0.40390625 0.034375 0.025
2 0.20703125 0.40859375 0.0265625 0.01875
2 0.18515625 0.428125 0.0328125 0.0203125
2 0.0984375 0.578125 0.034375 0.0234375
2 0.04609375 0.65546875 0.0375 0.0265625
2 0.015625 0.66875 0.021875 0.0203125
2 0.053125 0.67421875 0.0328125 0.0171875
2 0.06484375 0.721875 0.0328125 0.025
2 0.0140625 0.6890625 0.028125 0.03125
2 0.05625 0.69296875 0.0484375 0.028125
2 0.10703125 0.7234375 0.034375 0.0234375
2 0.16015625 0.7015625 0.0375 0.025
2 0.2703125 0.71484375 0.0484375 0.0390625
2 0.33203125 0.75234375 0.05 0.034375
2 0.3640625 0.49921875 0.04375 0.0296875
2 0.30078125 0.45546875 0.0375 0.0265625
2 0.54296875 0.30546875 0.0515625 0.0359375
2 0.6578125 0.4453125 0.0359375 0.025
2 0.65625 0.41875 0.0265625 0.0234375
2 0.775 0.4640625 0.0421875 0.03125
2 0.69609375 0.4984375 0.053125 0.0375
2 0.73046875 0.56640625 0.05625 0.0359375
2 0.48125 0.578125 0.05 0.040625
2 0.50078125 0.73203125 0.0390625 0.0328125
2 0.6046875 0.67421875 0.0390625 0.03125
2 0.6671875 0.74296875 0.0390625 0.034375
2 0.646875 0.7890625 0.05 0.0328125
2 0.6265625 0.83046875 0.04375 0.03125
2 0.46953125 0.9140625 0.040625 0.028125
2 0.73203125 0.82578125 0.0421875 0.028125
2 0.98984375 0.728125 0.0203125 0.034375
2 0.9609375 0.6359375 0.05 0.0375
2 0.94921875 0.45546875 0.05625 0.0390625
2 0.95625 0.3734375 0.0484375 0.03125
2 0.93984375 0.29296875 0.0453125 0.03125
2 0.225 0.6234375 0.0328125 0.0265625
2 0.040625 0.43671875 0.021875 0.015625