2 0.56796875 0.54375 0.028125 0.034375
2 0.340625 0.4734375 0.03125 0.04375
2 0.07265625 0.60703125 0.040625 0.0359375
2 0.17890625 0.6125 0.0375 0.0390625
2 0.58828125 0.98046875 0.0265625 0.0328125
2 0.2 0.5734375 0.0328125 0.0421875
2 0.5203125 0.8625 0.028125 0.0328125
2 0.621875 0.12109375 0.03125 0.0453125
2 0.60546875 0.68203125 0.028125 0.0390625
2 0.16875 0.4625 0.0359375 0.03125
2 0.19140625 0.40234375 0.0296875 0.040625
2 0.37578125 0.35859375 0.021875 0.03125
2 0.309375 0.91171875 0.0296875 0.0390625
2 0.61328125 0.90390625 0.021875 0.0375
2 0.7203125 0.1953125 0.03125 0.040625
2 0.36953125 0.52890625 0.03125 0.028125
2 0.30390625 0.44609375 0.0296875 0.0296875
2 0.490625 0.246875 0.0296875 0.025
2 0.72578125 0.32109375 0.028125 0.0359375
2 0.20546875 0.64765625 0.028125 0.0265625
2 0.04140625 0.75078125 0.0265625 0.0390625
2 0.7984375 0.58046875 0.0328125 0.0328125
2 0.1609375 0.6484375 0.0296875 0.0265625
2 0.69453125 0.18125 0.028125 0.04375
2 0.52890625 0.4953125 0.0234375 0.0234375
2 0.71640625 0.396875 0.01875 0.0296875
2 0.5515625 0.30703125 0.028125 0.025
2 0.27890625 0.4609375 0.025 0.0328125
2 0.04296875 0.39375 0.03125 0.0234375
2 0.77421875 0.65859375 0.0203125 0.0296875
2 0.7078125 0.63359375 0.025 0.0296875
2 0.64453125 0.525 0.0265625 0.028125
2 0.321875 0.746875 0.0171875 0.0296875
2 0.2390625 0.16328125 0.0234375 0.0203125
2 0.51875 0.57421875 0.0203125 0.0328125
2 0.78984375 0.62109375 0.021875 0.0234375
2 0.56953125 0.6375 0.015625 0.0265625
2 0.67109375 0.60546875 0.015625 0.015625
2 0.8234375 0.63046875 0.0171875 0.0203125
2 0.134375 0.5359375 0.025 0.03125
2 0.6359375 0.59375 0.015625 0.0171875
2 0.56796875 0.67109375 0.0171875 0.01875
2 0.259375 0.65078125 0.021875 0.0359375
2 0.634375 0.36484375 0.01875 0.021875
2 0.746875 0.62578125 0.01875 0.01875
2 0.3765625 0.48828125 0.028125 0.025
2 0.15625 0.9625 0.0171875 0.0296875
2 0.7109375 0.75 0.0171875 0.0203125
2 0.67265625 0.68359375 0.0171875 0.0203125
2 0.34375 0.33984375 0.0265625 0.0328125
2 0.73515625 0.3984375 0.015625 0.0265625
2 0.74140625 0.33125 0.0203125 0.0296875
2 0.8671875 0.353125 0.0234375 0.028125
2 0.82890625 0.40078125 0.0203125 0.025
2 0.85078125 0.471875 0.01875 0.0265625
2 0.834375 0.4875 0.01875 0.021875
2 0.628125 0.8984375 0.028125 0.040625
2 0.48203125 0.49375 0.0203125 0.0328125
2 0.34140625 0.41015625 0.015625 0.0265625
2 0.51171875 0.1421875 0.0234375 0.03125