2 0.47421875 0.13984375 0.05 0.0359375
2 0.61171875 0.06484375 0.04375 0.0265625
2 0.55078125 0.05859375 0.0375 0.021875
2 0.64140625 0.05234375 0.0328125 0.01875
2 0.640625 0.16640625 0.028125 0.0171875
2 0.01796875 0.3125 0.0359375 0.034375
2 0.0328125 0.42421875 0.065625 0.0546875
2 0.07109375 0.52421875 0.0390625 0.0203125
2 0.19609375 0.5 0.0453125 0.028125
2 0.1515625 0.5453125 0.0609375 0.04375
2 0.053125 0.90390625 0.10625 0.096875
2 0.41796875 0.7421875 0.1125 0.0828125
2 0.3078125 0.45546875 0.05625 0.034375
2 0.19609375 0.13125 0.0453125 0.025
2 0.559375 0.8765625 0.0421875 0.034375