2 0.375 0.31484375 0.015625 0.0171875
2 0.3796875 0.33984375 0.0125 0.0140625
2 0.37890625 0.37421875 0.015625 0.0203125
2 0.4390625 0.3828125 0.0125 0.015625
2 0.478125 0.39453125 0.0140625 0.01875
2 0.4640625 0.25234375 0.0140625 0.0171875
2 0.48828125 0.4515625 0.0125 0.0171875
2 0.50625 0.6171875 0.0171875 0.0203125
2 0.61796875 0.54765625 0.0125 0.015625
2 0.69765625 0.521875 0.0125 0.01875
2 0.73671875 0.50234375 0.0125 0.0171875
2 0.75234375 0.45703125 0.0109375 0.0171875
2 0.79453125 0.4875 0.0125 0.01875
2 0.80078125 0.5234375 0.0140625 0.0203125
2 0.746875 0.56953125 0.015625 0.015625
2 0.70859375 0.68671875 0.0140625 0.015625
2 0.60390625 0.65390625 0.0125 0.01875
2 0.53671875 0.6921875 0.015625 0.0203125
2 0.47109375 0.70078125 0.0140625 0.015625
2 0.4765625 0.68203125 0.009375 0.0109375
2 0.5984375 0.67890625 0.015625 0.01875
2 0.59609375 0.36640625 0.0125 0.0171875
2 0.60625 0.34140625 0.015625 0.0203125
2 0.5296875 0.2734375 0.0109375 0.015625
2 0.34921875 0.44453125 0.0125 0.015625
2 0.3984375 0.47578125 0.0125 0.0140625
2 0.4 0.528125 0.0078125 0.0125
2 0.3234375 0.6109375 0.0125 0.0125
2 0.2796875 0.61953125 0.009375 0.015625
2 0.321875 0.67890625 0.0125 0.015625
2 0.2953125 0.44453125 0.0078125 0.0140625
2 0.4015625 0.56171875 0.0078125 0.015625
2 0.35859375 0.55390625 0.0078125 0.0078125
2 0.37265625 0.57421875 0.00625 0.009375
2 0.49296875 0.59375 0.0109375 0.0171875
2 0.46796875 0.61015625 0.0078125 0.009375
2 0.578125 0.415625 0.0140625 0.0203125
2 0.8078125 0.59140625 0.0109375 0.015625
2 0.59609375 0.61953125 0.0078125 0.0109375
2 0.55859375 0.64375 0.009375 0.0078125
2 0.58984375 0.584375 0.0078125 0.0171875
2 0.71640625 0.55859375 0.0125 0.01875
2 0.4015625 0.25234375 0.0140625 0.0171875
2 0.465625 0.2203125 0.015625 0.01875
2 0.76640625 0.615625 0.0171875 0.025
2 0.6109375 0.6703125 0.015625 0.028125