2 0.6015625 0.16640625 0.0625 0.0515625
2 0.634375 0.196875 0.0546875 0.0421875
2 0.67578125 0.2734375 0.05 0.04375
2 0.86875 0.33359375 0.0609375 0.0453125
2 0.90625 0.15390625 0.078125 0.053125
2 0.60390625 0.29375 0.0578125 0.0359375
2 0.62578125 0.38203125 0.0515625 0.0390625
2 0.52578125 0.34609375 0.046875 0.0234375
2 0.3046875 0.3109375 0.0359375 0.0234375
2 0.32734375 0.05234375 0.04375 0.03125
2 0.3171875 0.0796875 0.0375 0.0265625
2 0.3953125 0.03125 0.034375 0.0234375
2 0.25234375 0.2421875 0.0390625 0.0296875
2 0.37890625 0.18203125 0.0375 0.0203125
2 0.396875 0.2171875 0.0375 0.028125
2 0.21328125 0.3515625 0.0328125 0.025
2 0.21796875 0.47421875 0.0375 0.0296875
2 0.46875 0.5578125 0.0484375 0.0328125
2 0.35 0.57265625 0.04375 0.0296875
2 0.32421875 0.6046875 0.034375 0.0265625
2 0.28125 0.5984375 0.0265625 0.015625
2 0.28046875 0.653125 0.04375 0.034375
2 0.26796875 0.68203125 0.0375 0.03125
2 0.33203125 0.7125 0.0265625 0.0265625
2 0.35625 0.71484375 0.034375 0.025
2 0.0140625 0.509375 0.028125 0.021875
2 0.04375 0.52109375 0.0234375 0.0171875
2 0.7359375 0.7953125 0.0453125 0.034375
2 0.72578125 0.8765625 0.05 0.0359375
2 0.6171875 0.83359375 0.0328125 0.021875
2 0.471875 0.47109375 0.0359375 0.0296875
2 0.675 0.5046875 0.04375 0.0234375
2 0.55078125 0.5390625 0.0203125 0.021875
2 0.534375 0.046875 0.0234375 0.0296875