2 0.1046875 0.11328125 0.034375 0.040625
2 0.06875 0.31640625 0.0109375 0.0375
2 0.06953125 0.1796875 0.0359375 0.0359375
2 0.0921875 0.20234375 0.03125 0.0421875
2 0.078125 0.3203125 0.0328125 0.040625
2 0.2109375 0.29921875 0.028125 0.03125
2 0.04453125 0.5171875 0.04375 0.046875
2 0.09921875 0.48984375 0.0328125 0.0375
2 0.30703125 0.3375 0.025 0.03125
2 0.3140625 0.41171875 0.015625 0.025
2 0.26015625 0.328125 0.021875 0.028125
2 0.3015625 0.515625 0.0234375 0.0296875
2 0.2453125 0.55078125 0.0203125 0.028125
2 0.37265625 0.5765625 0.0109375 0.0203125
2 0.32890625 0.56015625 0.01875 0.0265625
2 0.3171875 0.5953125 0.01875 0.028125
2 0.353125 0.5828125 0.0125 0.015625
2 0.38828125 0.65859375 0.015625 0.0171875
2 0.33203125 0.71640625 0.0140625 0.0203125
2 0.271875 0.7859375 0.0203125 0.028125
2 0.284375 0.821875 0.0171875 0.0203125
2 0.21953125 0.79609375 0.028125 0.0390625
2 0.18671875 0.625 0.028125 0.0296875
2 0.1265625 0.61328125 0.025 0.0265625
2 0.12890625 0.63984375 0.015625 0.0203125
2 0.22109375 0.971875 0.025 0.0390625
2 0.20078125 0.95625 0.0171875 0.0234375
2 0.16953125 0.91875 0.025 0.034375
2 0.19453125 0.9234375 0.03125 0.0328125
2 0.14765625 0.84296875 0.03125 0.0421875
2 0.17578125 0.86171875 0.0203125 0.03125
2 0.23359375 0.86875 0.0203125 0.0265625
2 0.23828125 0.84453125 0.0140625 0.0203125
2 0.2390625 0.71875 0.01875 0.021875
2 0.81328125 0.21875 0.025 0.03125
2 0.83046875 0.25859375 0.0203125 0.0234375
2 0.8328125 0.32109375 0.0234375 0.0296875
2 0.84921875 0.36953125 0.01875 0.028125
2 0.940625 0.25625 0.0171875 0.025
2 0.98125 0.22578125 0.034375 0.034375
2 0.98125 0.30390625 0.021875 0.0265625
2 0.846875 0.459375 0.021875 0.0296875
2 0.83125 0.4625 0.0171875 0.0234375
2 0.81796875 0.42109375 0.025 0.028125
2 0.75546875 0.2875 0.0171875 0.021875
2 0.74765625 0.29296875 0.015625 0.021875
2 0.7265625 0.2890625 0.0171875 0.021875
2 0.725 0.23515625 0.015625 0.0171875
2 0.71484375 0.265625 0.015625 0.0171875
2 0.70390625 0.27421875 0.0109375 0.015625
2 0.6984375 0.28125 0.0125 0.0125
2 0.640625 0.26796875 0.0125 0.015625
2 0.6625 0.25390625 0.0109375 0.0125
2 0.58671875 0.32890625 0.0078125 0.0140625
2 0.61484375 0.37734375 0.0140625 0.0125
2 0.62734375 0.34609375 0.0109375 0.0140625
2 0.6453125 0.353125 0.0125 0.0140625
2 0.634375 0.40546875 0.0125 0.0109375
2 0.621875 0.4109375 0.0078125 0.0125
2 0.621875 0.43359375 0.0078125 0.0109375
2 0.6203125 0.45234375 0.0078125 0.0109375
2 0.653125 0.43203125 0.0125 0.015625
2 0.6390625 0.440625 0.0125 0.01875
2 0.70078125 0.4265625 0.01875 0.021875
2 0.7015625 0.459375 0.0140625 0.01875
2 0.85234375 0.54921875 0.0265625 0.028125
2 0.7765625 0.54609375 0.0203125 0.0234375
2 0.6875 0.5484375 0.015625 0.0171875
2 0.89296875 0.60390625 0.0234375 0.034375
2 0.925 0.65390625 0.03125 0.034375
2 0.80703125 0.64765625 0.0125 0.0109375
2 0.84375 0.73828125 0.01875 0.028125
2 0.83828125 0.76875 0.0203125 0.0265625
2 0.89296875 0.74921875 0.028125 0.03125
2 0.92265625 0.75 0.0203125 0.028125
2 0.68515625 0.63828125 0.0125 0.0171875
2 0.66796875 0.6234375 0.0078125 0.0109375
2 0.65859375 0.60546875 0.0078125 0.0109375
2 0.6421875 0.6015625 0.0078125 0.009375
2 0.63046875 0.6 0.0046875 0.0078125
2 0.653125 0.54296875 0.0078125 0.0078125
2 0.65625 0.56015625 0.009375 0.009375
2 0.64375 0.5703125 0.00625 0.009375
2 0.6328125 0.5796875 0.0046875 0.0078125
2 0.6453125 0.58125 0.0046875 0.0078125
2 0.62578125 0.58515625 0.0046875 0.00625
2 0.62265625 0.56015625 0.0046875 0.0078125
2 0.62265625 0.5359375 0.0109375 0.0109375
2 0.60625 0.5421875 0.0078125 0.0109375
2 0.65859375 0.478125 0.0109375 0.0109375
2 0.6625 0.5015625 0.0078125 0.0078125
2 0.640625 0.49140625 0.00625 0.0078125
2 0.6328125 0.4875 0.00625 0.009375
2 0.60859375 0.465625 0.009375 0.0125
2 0.575 0.4390625 0.00625 0.00625
2 0.5484375 0.42109375 0.0046875 0.009375
2 0.48515625 0.45703125 0.0046875 0.00625
2 0.49140625 0.45703125 0.0046875 0.00625
2 0.48671875 0.46328125 0.003125 0.003125
2 0.48203125 0.478125 0.003125 0.0046875
2 0.4796875 0.4796875 0.003125 0.00625
2 0.475 0.48046875 0.0046875 0.0046875
2 0.471875 0.5125 0.0046875 0.0046875
2 0.4703125 0.51796875 0.003125 0.0046875
2 0.46484375 0.51328125 0.003125 0.0046875
2 0.46171875 0.51484375 0.003125 0.0046875
2 0.4515625 0.5109375 0.003125 0.003125
2 0.45234375 0.51796875 0.003125 0.0046875
2 0.4578125 0.503125 0.003125 0.003125
2 0.4640625 0.503125 0.0015625 0.0046875
2 0.45859375 0.50859375 0.003125 0.003125
2 0.47734375 0.50546875 0.0046875 0.0046875
2 0.47890625 0.490625 0.0046875 0.0046875
2 0.47890625 0.4859375 0.003125 0.0046875
2 0.49609375 0.47578125 0.0046875 0.00625
2 0.4921875 0.47421875 0.0046875 0.003125
2 0.50625 0.46328125 0.00625 0.0078125
2 0.503125 0.4671875 0.003125 0.0046875
2 0.5140625 0.46953125 0.0046875 0.00625
2 0.521875 0.4703125 0.00625 0.0078125
2 0.52890625 0.4765625 0.0078125 0.009375
2 0.51796875 0.453125 0.0046875 0.00625
2 0.52109375 0.446875 0.00625 0.0078125
2 0.53203125 0.44140625 0.0046875 0.0078125
2 0.5359375 0.45078125 0.0046875 0.009375
2 0.546875 0.46875 0.00625 0.0078125
2 0.5515625 0.496875 0.0046875 0.009375
2 0.55546875 0.4640625 0.00625 0.009375
2 0.5671875 0.46171875 0.0046875 0.0078125
2 0.48046875 0.50078125 0.0046875 0.00625
2 0.48125 0.50703125 0.0046875 0.0046875
2 0.48515625 0.503125 0.00625 0.0046875
2 0.4953125 0.4875 0.00625 0.00625
2 0.47734375 0.54140625 0.003125 0.00625
2 0.4796875 0.56796875 0.0046875 0.0046875
2 0.49296875 0.584375 0.0046875 0.0078125
2 0.50859375 0.546875 0.0046875 0.00625
2 0.5171875 0.56328125 0.00625 0.0078125
2 0.51328125 0.584375 0.0046875 0.00625
2 0.50859375 0.58515625 0.0046875 0.00625
2 0.50390625 0.56953125 0.00625 0.0078125
2 0.52578125 0.54921875 0.0046875 0.0078125
2 0.521875 0.53828125 0.0046875 0.00625
2 0.51484375 0.53359375 0.0046875 0.00625
2 0.5140625 0.53828125 0.0046875 0.0046875
2 0.50625 0.5328125 0.0046875 0.0078125
2 0.50234375 0.53125 0.0046875 0.00625
2 0.50078125 0.53515625 0.0046875 0.00625
2 0.48515625 0.5265625 0.0046875 0.0046875
2 0.496875 0.51640625 0.0046875 0.00625
2 0.50546875 0.52421875 0.0046875 0.00625
2 0.5 0.51953125 0.003125 0.00625
2 0.50078125 0.50859375 0.00625 0.00625
2 0.503125 0.50234375 0.0046875 0.0078125
2 0.5125 0.51640625 0.00625 0.00625
2 0.521875 0.52109375 0.00625 0.0078125
2 0.5140625 0.5 0.0046875 0.00625
2 0.51953125 0.50234375 0.0046875 0.00625
2 0.5234375 0.48984375 0.00625 0.0078125
2 0.534375 0.53203125 0.0046875 0.00625
2 0.55859375 0.51953125 0.00625 0.00625
2 0.56796875 0.50546875 0.0046875 0.00625
2 0.57890625 0.52578125 0.0046875 0.00625
2 0.5671875 0.54296875 0.0046875 0.0078125
2 0.55078125 0.559375 0.00625 0.0078125
2 0.5578125 0.56796875 0.0046875 0.009375
2 0.56875 0.57578125 0.00625 0.009375
2 0.5625 0.61640625 0.0046875 0.00625
2 0.6046875 0.50234375 0.0109375 0.015625
2 0.61171875 0.503125 0.0109375 0.0125
2 0.60390625 0.51328125 0.009375 0.0125
2 0.56875 0.62265625 0.0046875 0.0078125
2 0.57734375 0.6171875 0.0046875 0.00625
2 0.58359375 0.57265625 0.00625 0.009375
2 0.58203125 0.5828125 0.00625 0.0078125
2 0.590625 0.58125 0.00625 0.009375
2 0.58984375 0.5890625 0.00625 0.0078125
2 0.58359375 0.60625 0.00625 0.0078125
2 0.58046875 0.6109375 0.00625 0.0078125
2 0.60078125 0.61171875 0.0078125 0.009375
2 0.60546875 0.625 0.00625 0.0078125
2 0.59296875 0.62109375 0.00625 0.009375