2 0.3796875 0.140625 0.034375 0.028125
2 0.390625 0.50859375 0.025 0.021875
2 0.2921875 0.7046875 0.0234375 0.0203125
2 0.40390625 0.33828125 0.0234375 0.0234375
2 0.02265625 0.58671875 0.0359375 0.0234375
2 0.5734375 0.590625 0.0328125 0.021875
2 0.89609375 0.425 0.0328125 0.021875
2 0.37734375 0.459375 0.0234375 0.01875
2 0.40625 0.375 0.0234375 0.0203125
2 0.43984375 0.3765625 0.0265625 0.025
2 0.39296875 0.17265625 0.0296875 0.025
2 0.18203125 0.4171875 0.0203125 0.0171875
2 0.3078125 0.38125 0.0203125 0.015625
2 0.253125 0.62265625 0.0203125 0.01875
2 0.2921875 0.4203125 0.015625 0.0171875
2 0.4421875 0.534375 0.0265625 0.021875
2 0.94453125 0.52421875 0.03125 0.0203125
2 0.4203125 0.66640625 0.0265625 0.0203125
2 0.36171875 0.28984375 0.0265625 0.021875
2 0.23671875 0.50390625 0.021875 0.015625
2 0.36015625 0.56171875 0.0203125 0.0140625
2 0.171875 0.484375 0.0203125 0.015625
2 0.10703125 0.72265625 0.0265625 0.01875
2 0.61796875 0.7484375 0.0203125 0.01875
2 0.4109375 0.94375 0.0265625 0.0265625
2 0.503125 0.63203125 0.0203125 0.021875
2 0.89921875 0.26953125 0.0296875 0.021875
2 0.9625 0.7859375 0.0296875 0.01875
2 0.96953125 0.296875 0.0234375 0.0234375
2 0.64296875 0.58046875 0.0234375 0.01875
2 0.42734375 0.53984375 0.0296875 0.0203125
2 0.5875 0.7421875 0.0265625 0.021875
2 0.63515625 0.41015625 0.0203125 0.015625
2 0.23125 0.4484375 0.01875 0.01875
2 0.2015625 0.98828125 0.0359375 0.0234375
2 0.44609375 0.71015625 0.015625 0.0125
2 0.825 0.65078125 0.021875 0.0203125
2 0.3265625 0.55078125 0.0171875 0.0140625
2 0.9578125 0.76328125 0.021875 0.0125
2 0.2546875 0.42890625 0.0203125 0.0140625
2 0.85546875 0.5578125 0.01875 0.015625
2 0.5359375 0.59375 0.0234375 0.01875
2 0.6796875 0.746875 0.025 0.01875
2 0.12421875 0.8703125 0.0359375 0.0296875
2 0.6515625 0.76953125 0.0203125 0.0171875
2 0.6359375 0.8171875 0.0234375 0.0203125
2 0.21953125 0.83984375 0.021875 0.021875
2 0.0921875 0.35703125 0.0078125 0.00625
2 0.0265625 0.38125 0.009375 0.00625
2 0.04453125 0.37265625 0.009375 0.00625
2 0.03671875 0.365625 0.00625 0.0046875
2 0.03984375 0.34296875 0.0109375 0.0078125
2 0.01171875 0.3796875 0.0109375 0.00625
2 0.03359375 0.403125 0.0109375 0.00625
2 0.065625 0.44765625 0.0078125 0.0078125
2 0.028125 0.4234375 0.0109375 0.0046875
2 0.003125 0.40078125 0.00625 0.0078125
2 0.01015625 0.40078125 0.0078125 0.00625
2 0.10234375 0.6953125 0.01875 0.0140625
2 0.178125 0.69453125 0.0171875 0.01875
2 0.5828125 0.75625 0.028125 0.01875
2 0.79453125 0.65625 0.028125 0.0203125
2 0.78515625 0.68671875 0.025 0.0203125
2 0.84375 0.7546875 0.021875 0.0203125