2 0.7015625 0.7640625 0.059375 0.046875
2 0.3859375 0.5828125 0.046875 0.034375
2 0.26015625 0.671875 0.034375 0.01875
2 0.4421875 0.6046875 0.0328125 0.01875
2 0.15390625 0.43828125 0.034375 0.0234375
2 0.178125 0.45625 0.028125 0.0203125
2 0.01484375 0.18046875 0.0296875 0.0296875
2 0.04375 0.190625 0.028125 0.034375
2 0.32109375 0.0515625 0.04375 0.03125
2 0.27734375 0.04765625 0.0359375 0.0296875
2 0.40078125 0.05859375 0.0453125 0.0296875
2 0.4203125 0.1328125 0.0421875 0.0359375
2 0.41953125 0.16875 0.0453125 0.0328125
2 0.509375 0.196875 0.0375 0.028125
2 0.5546875 0.28046875 0.04375 0.0390625
2 0.46484375 0.3265625 0.034375 0.0234375
2 0.53671875 0.34609375 0.0359375 0.028125
2 0.5515625 0.37265625 0.0375 0.0265625
2 0.515625 0.41796875 0.034375 0.0265625
2 0.58828125 0.40390625 0.034375 0.0203125
2 0.6046875 0.42890625 0.034375 0.028125
2 0.659375 0.3671875 0.04375 0.025
2 0.6625 0.47421875 0.0328125 0.0265625
2 0.6953125 0.46875 0.0390625 0.028125
2 0.803125 0.4578125 0.0484375 0.034375
2 0.853125 0.45625 0.0453125 0.034375
2 0.79609375 0.4921875 0.0375 0.028125
2 0.7640625 0.503125 0.0328125 0.028125
2 0.66171875 0.540625 0.034375 0.0203125
2 0.975 0.42265625 0.0453125 0.0296875
2 0.984375 0.446875 0.03125 0.0234375
2 0.9328125 0.42734375 0.028125 0.009375
2 0.94921875 0.4375 0.034375 0.0125
2 0.80390625 0.3734375 0.0375 0.03125
2 0.7921875 0.19375 0.059375 0.0421875
2 0.709375 0.1453125 0.040625 0.03125
2 0.97578125 0.10078125 0.0484375 0.0421875
2 0.6375 0.04453125 0.0421875 0.0375
2 0.71953125 0.02578125 0.0515625 0.0375
2 0.06328125 0.46953125 0.0390625 0.0203125
2 0.11015625 0.25390625 0.03125 0.0265625
2 0.07421875 0.34609375 0.0421875 0.0296875
2 0.21484375 0.7171875 0.0328125 0.0171875
2 0.30234375 0.75 0.028125 0.01875
2 0.39296875 0.775 0.034375 0.0234375