2 0.07109375 0.45078125 0.0171875 0.0140625
2 0.10390625 0.4671875 0.021875 0.0109375
2 0.35703125 0.4859375 0.0421875 0.0296875
2 0.25546875 0.5453125 0.0453125 0.03125
2 0.29453125 0.5484375 0.0375 0.0203125
2 0.215625 0.5703125 0.0484375 0.03125
2 0.61171875 0.36171875 0.034375 0.0296875
2 0.56640625 0.39765625 0.0359375 0.028125
2 0.81640625 0.378125 0.0375 0.028125
2 0.7171875 0.39453125 0.0359375 0.028125
2 0.68046875 0.409375 0.03125 0.0265625
2 0.70234375 0.425 0.03125 0.0234375
2 0.7203125 0.44609375 0.0359375 0.0234375
2 0.66171875 0.46015625 0.0359375 0.025
2 0.73046875 0.459375 0.034375 0.0234375
2 0.5234375 0.46953125 0.0390625 0.0265625
2 0.3625 0.8515625 0.0296875 0.028125
2 0.42890625 0.9359375 0.040625 0.0265625
2 0.35859375 0.9578125 0.03125 0.021875
2 0.4859375 0.8859375 0.04375 0.0390625
2 0.53046875 0.86328125 0.0203125 0.0265625
2 0.571875 0.75078125 0.0359375 0.0234375
2 0.74296875 0.803125 0.03125 0.021875
2 0.70234375 0.91328125 0.0140625 0.0140625
2 0.71484375 0.9203125 0.021875 0.015625
2 0.80703125 0.846875 0.028125 0.021875
2 0.83515625 0.809375 0.0328125 0.0265625
2 0.875 0.80625 0.0296875 0.028125
2 0.88359375 0.81953125 0.0265625 0.0203125
2 0.79609375 0.6359375 0.0265625 0.0234375
2 0.76953125 0.62578125 0.0328125 0.0234375
2 0.46484375 0.68046875 0.0390625 0.0234375
2 0.40078125 0.659375 0.0265625 0.0234375
2 0.396875 0.54765625 0.0328125 0.0265625
2 0.425 0.496875 0.0296875 0.0234375
2 0.3890625 0.50078125 0.040625 0.028125
2 0.46171875 0.5140625 0.0484375 0.03125
2 0.57734375 0.51328125 0.0265625 0.0234375
2 0.68046875 0.50078125 0.03125 0.0234375
2 0.76640625 0.51328125 0.0234375 0.01875
2 0.70703125 0.4984375 0.0265625 0.0171875
2 0.67265625 0.56875 0.0390625 0.028125
2 0.63984375 0.5875 0.040625 0.028125
2 0.67578125 0.60625 0.0421875 0.028125
2 0.91640625 0.59375 0.028125 0.025
2 0.928125 0.5984375 0.03125 0.0203125
2 0.90390625 0.70546875 0.00625 0.00625
2 0.89609375 0.6921875 0.0078125 0.00625
2 0.884375 0.709375 0.00625 0.0046875
2 0.8671875 0.70703125 0.0046875 0.0046875
2 0.890625 0.71015625 0.00625 0.0046875
2 0.92890625 0.6984375 0.00625 0.0046875
2 0.928125 0.67578125 0.00625 0.00625
2 0.94296875 0.69140625 0.00625 0.00625
2 0.89375 0.6578125 0.00625 0.0046875
2 0.87265625 0.653125 0.00625 0.0046875
2 0.84609375 0.63671875 0.0078125 0.00625
2 0.9265625 0.63984375 0.0078125 0.0046875
2 0.93515625 0.64453125 0.0046875 0.003125
2 0.94453125 0.6390625 0.0046875 0.003125
2 0.94921875 0.640625 0.0046875 0.003125
2 0.9640625 0.6328125 0.0078125 0.003125
2 0.99296875 0.67890625 0.0078125 0.0078125
2 0.98203125 0.67265625 0.00625 0.0046875