2 0.59296875 0.18203125 0.0703125 0.0703125
2 0.48203125 0.15390625 0.06875 0.059375
2 0.7015625 0.43515625 0.071875 0.053125
2 0.65 0.53359375 0.053125 0.040625
2 0.796875 0.53515625 0.05 0.04375
2 0.80859375 0.5 0.040625 0.0265625
2 0.89765625 0.47890625 0.0734375 0.0375
2 0.984375 0.5078125 0.03125 0.0390625
2 0.86640625 0.5203125 0.046875 0.034375
2 0.4125 0.503125 0.0625 0.04375
2 0.43125 0.534375 0.05625 0.028125
2 0.50546875 0.6234375 0.040625 0.0296875
2 0.5515625 0.5859375 0.034375 0.0390625
2 0.478125 0.58984375 0.0515625 0.0375
2 0.43828125 0.60625 0.0328125 0.03125
2 0.3421875 0.47265625 0.046875 0.01875
2 0.6828125 0.5890625 0.03125 0.0390625
2 0.671875 0.5625 0.0421875 0.0328125
2 0.1984375 0.41796875 0.028125 0.0203125
2 0.05703125 0.06640625 0.0625 0.046875
2 0.1984375 0.0625 0.0234375 0.0203125
2 0.6859375 0.40078125 0.04375 0.0421875
2 0.21328125 0.26953125 0.0234375 0.01875
2 0.15234375 0.23125 0.0265625 0.0203125