2 0.6484375 0.67109375 0.0328125 0.0328125
2 0.69140625 0.17109375 0.028125 0.028125
2 0.88671875 0.04296875 0.028125 0.03125
2 0.7328125 0.11796875 0.0234375 0.028125
2 0.7890625 0.54609375 0.0296875 0.0296875
2 0.753125 0.378125 0.0296875 0.028125
2 0.596875 0.4984375 0.025 0.028125
2 0.62265625 0.70859375 0.0328125 0.03125
2 0.70234375 0.41953125 0.028125 0.0296875
2 0.5671875 0.8859375 0.028125 0.0328125
2 0.47265625 0.21015625 0.028125 0.03125
2 0.8015625 0.21328125 0.03125 0.0265625
2 0.7328125 0.3546875 0.028125 0.03125
2 0.95078125 0.0828125 0.0234375 0.025
2 0.390625 0.31171875 0.0265625 0.0265625
2 0.72265625 0.5578125 0.0296875 0.0296875
2 0.9359375 0.040625 0.025 0.0265625
2 0.61953125 0.1828125 0.0265625 0.0296875
2 0.896875 0.54921875 0.0296875 0.03125
2 0.43984375 0.22421875 0.021875 0.034375
2 0.4375 0.48984375 0.0171875 0.01875
2 0.265625 0.2953125 0.021875 0.0234375
2 0.571875 0.45390625 0.0171875 0.0265625
2 0.49375 0.634375 0.021875 0.021875
2 0.37578125 0.40234375 0.021875 0.0234375
2 0.4 0.2140625 0.025 0.03125
2 0.62734375 0.7890625 0.0234375 0.025
2 0.4015625 0.34375 0.021875 0.0234375
2 0.4578125 0.27265625 0.0203125 0.0234375
2 0.42734375 0.29140625 0.025 0.021875
2 0.275 0.4609375 0.015625 0.0203125
2 0.890625 0.634375 0.03125 0.03125
2 0.57421875 0.62734375 0.025 0.0203125
2 0.33046875 0.67421875 0.021875 0.0234375
2 0.80546875 0.32734375 0.0203125 0.0203125
2 0.41875 0.68125 0.0140625 0.0125
2 0.5484375 0.50546875 0.01875 0.01875
2 0.75234375 0.86015625 0.01875 0.01875
2 0.20078125 0.103125 0.01875 0.0203125
2 0.24453125 0.09375 0.0171875 0.015625
2 0.6765625 0.46484375 0.0203125 0.0203125
2 0.35859375 0.665625 0.0125 0.0125
2 0.25703125 0.47734375 0.0140625 0.0140625
2 0.31015625 0.59453125 0.0140625 0.0125
2 0.9625 0.24453125 0.0203125 0.021875
2 0.08046875 0.24296875 0.009375 0.009375
2 0.565625 0.175 0.021875 0.025
2 0.3828125 0.5953125 0.0125 0.0125
2 0.5390625 0.65 0.015625 0.01875
2 0.63984375 0.84921875 0.01875 0.0171875
2 0.1609375 0.13203125 0.0171875 0.01875
2 0.415625 0.725 0.0140625 0.0125
2 0.24609375 0.04921875 0.0203125 0.01875
2 0.49453125 0.4234375 0.0125 0.0109375
2 0.5890625 0.8125 0.015625 0.015625
2 0.16640625 0.228125 0.0078125 0.0078125
2 0.559375 0.6984375 0.015625 0.0171875
2 0.20078125 0.1359375 0.0140625 0.0171875
2 0.01875 0.36640625 0.009375 0.0109375
2 0.3359375 0.6890625 0.021875 0.0265625
2 0.45703125 0.22421875 0.015625 0.0234375
2 0.44296875 0.24765625 0.0125 0.0203125
2 0.43125 0.24765625 0.015625 0.0296875
2 0.4078125 0.2515625 0.01875 0.0203125
2 0.37578125 0.0390625 0.0078125 0.0203125
2 0.38515625 0.0203125 0.015625 0.021875
2 0.01640625 0.4625 0.0078125 0.009375
2 0.03359375 0.40859375 0.0078125 0.0078125
2 0.0421875 0.40625 0.009375 0.0109375
2 0.06796875 0.37578125 0.009375 0.009375
2 0.07734375 0.3796875 0.00625 0.0125
2 0.09140625 0.4078125 0.009375 0.0109375
2 0.10703125 0.41015625 0.0078125 0.0109375
2 0.1171875 0.41328125 0.0078125 0.009375
2 0.11640625 0.3828125 0.0078125 0.009375
2 0.13359375 0.4 0.009375 0.009375
2 0.1453125 0.4203125 0.0046875 0.0078125
2 0.18046875 0.43515625 0.00625 0.0078125
2 0.10546875 0.45703125 0.0078125 0.0109375
2 0.09765625 0.459375 0.00625 0.0078125
2 0.02578125 0.37109375 0.009375 0.0109375
2 0.0890625 0.2421875 0.009375 0.0109375
2 0.17421875 0.225 0.0078125 0.0078125