2 0.15625 0.34140625 0.0171875 0.009375
2 0.1515625 0.36328125 0.0171875 0.009375
2 0.26875 0.33828125 0.015625 0.009375
2 0.0890625 0.44296875 0.0140625 0.0109375
2 0.10390625 0.47890625 0.0140625 0.009375
2 0.121875 0.48515625 0.0109375 0.009375
2 0.1828125 0.43984375 0.015625 0.0078125
2 0.2171875 0.4609375 0.0140625 0.0078125
2 0.25390625 0.49453125 0.0140625 0.0109375
2 0.184375 0.534375 0.0125 0.0078125
2 0.10703125 0.5125 0.0109375 0.0078125
2 0.125 0.571875 0.0140625 0.0078125
2 0.06953125 0.5984375 0.009375 0.0046875
2 0.434375 0.640625 0.009375 0.0078125
2 0.271875 0.61171875 0.0171875 0.0109375
2 0.22265625 0.58828125 0.015625 0.0109375
2 0.35234375 0.578125 0.01875 0.0140625
2 0.46171875 0.553125 0.0125 0.0125
2 0.43984375 0.55 0.009375 0.0078125
2 0.4578125 0.3984375 0.0171875 0.0125
2 0.49921875 0.396875 0.01875 0.0140625
2 0.465625 0.4453125 0.01875 0.0125
2 0.478125 0.4640625 0.01875 0.0125
2 0.490625 0.475 0.01875 0.0140625
2 0.45859375 0.484375 0.0140625 0.009375
2 0.61953125 0.34921875 0.0203125 0.0125
2 0.67421875 0.3640625 0.0171875 0.0109375
2 0.66875 0.4078125 0.0171875 0.0125
2 0.60546875 0.41484375 0.0109375 0.0140625
2 0.63046875 0.43828125 0.0125 0.0078125
2 0.628125 0.46171875 0.0203125 0.0125
2 0.603125 0.50390625 0.01875 0.0140625
2 0.546875 0.46640625 0.015625 0.0109375
2 0.55546875 0.4765625 0.0140625 0.0109375
2 0.53359375 0.53671875 0.015625 0.0125
2 0.5390625 0.54609375 0.01875 0.0078125
2 0.54375 0.5609375 0.0140625 0.009375
2 0.5515625 0.56953125 0.015625 0.009375
2 0.5578125 0.56328125 0.0109375 0.0078125
2 0.56484375 0.5359375 0.0203125 0.0125
2 0.5859375 0.53203125 0.01875 0.0140625
2 0.5984375 0.521875 0.01875 0.0109375
2 0.5703125 0.51171875 0.0203125 0.0140625
2 0.5875 0.50703125 0.015625 0.0140625
2 0.5796875 0.65625 0.01875 0.0140625
2 0.62578125 0.63984375 0.01875 0.0125
2 0.66640625 0.6484375 0.0109375 0.009375
2 0.70703125 0.67265625 0.0171875 0.0125
2 0.81875 0.68203125 0.015625 0.0109375
2 0.83984375 0.6546875 0.0171875 0.0125
2 0.68046875 0.5859375 0.0125 0.009375
2 0.671875 0.56953125 0.0171875 0.0140625
2 0.68671875 0.57421875 0.015625 0.0109375
2 0.68828125 0.56640625 0.0171875 0.009375
2 0.69765625 0.5671875 0.009375 0.0125
2 0.70390625 0.5734375 0.015625 0.0125
2 0.71640625 0.528125 0.01875 0.0125
2 0.7109375 0.496875 0.01875 0.0140625
2 0.6875 0.475 0.0171875 0.0109375
2 0.75 0.51484375 0.0171875 0.0125
2 0.75078125 0.50390625 0.01875 0.0109375
2 0.809375 0.4296875 0.015625 0.0109375
2 0.784375 0.38515625 0.015625 0.009375
2 0.88046875 0.52265625 0.0140625 0.0109375
2 0.87421875 0.50390625 0.0203125 0.0078125
2 0.8171875 0.51953125 0.0203125 0.0125
2 0.88203125 0.5734375 0.021875 0.0125
2 0.9359375 0.60703125 0.0140625 0.009375
2 0.98671875 0.5484375 0.009375 0.00625
2 0.93984375 0.57578125 0.00625 0.0046875
2 0.746875 0.575 0.0109375 0.00625
2 0.71484375 0.6265625 0.015625 0.009375
2 0.76796875 0.565625 0.0125 0.0078125
2 0.48828125 0.43203125 0.0171875 0.0125
2 0.41484375 0.4171875 0.015625 0.0109375