2 0.29921875 0.04609375 0.0234375 0.0203125
2 0.284375 0.0625 0.028125 0.021875
2 0.375 0.09140625 0.03125 0.025
2 0.33515625 0.1828125 0.0390625 0.025
2 0.5890625 0.125 0.04375 0.03125
2 0.57578125 0.18515625 0.046875 0.0328125
2 0.4734375 0.196875 0.0390625 0.03125
2 0.03125 0.20859375 0.05 0.0328125
2 0.01484375 0.22265625 0.0296875 0.0296875
2 0.03125 0.23828125 0.040625 0.03125
2 0.2015625 0.2265625 0.0359375 0.025
2 0.26640625 0.27421875 0.034375 0.0234375
2 0.17734375 0.28359375 0.0359375 0.021875
2 0.0296875 0.275 0.025 0.0203125
2 0.06171875 0.29765625 0.0390625 0.0234375
2 0.7125 0.2390625 0.0453125 0.0328125
2 0.9796875 0.28984375 0.040625 0.03125
2 0.76171875 0.3796875 0.0515625 0.03125
2 0.59765625 0.39609375 0.040625 0.025
2 0.41015625 0.428125 0.059375 0.04375
2 0.46328125 0.44921875 0.0578125 0.0421875
2 0.7484375 0.44765625 0.0328125 0.0203125
2 0.578125 0.44765625 0.034375 0.0234375
2 0.94453125 0.54296875 0.0265625 0.0234375
2 0.9828125 0.5625 0.0171875 0.0203125
2 0.04296875 0.58515625 0.0296875 0.021875
2 0.37890625 0.6015625 0.03125 0.0359375
2 0.1015625 0.32890625 0.03125 0.021875
2 0.175 0.696875 0.053125 0.05
2 0.1109375 0.4921875 0.009375 0.003125
2 0.459375 0.675 0.065625 0.03125
2 0.57578125 0.76484375 0.059375 0.040625
2 0.17421875 0.85390625 0.040625 0.0515625
2 0.5265625 0.9078125 0.046875 0.034375
2 0.58984375 0.8953125 0.0265625 0.0296875
2 0.7203125 0.70625 0.025 0.0265625