2 0.74140625 0.9609375 0.03125 0.0328125
2 0.70234375 0.95 0.04375 0.0375
2 0.709375 0.9171875 0.0484375 0.034375
2 0.77578125 0.8796875 0.040625 0.03125
2 0.44609375 0.853125 0.0390625 0.0296875
2 0.50625 0.84921875 0.034375 0.0265625
2 0.55078125 0.73125 0.03125 0.0234375
2 0.5875 0.6359375 0.04375 0.028125
2 0.76796875 0.740625 0.040625 0.01875
2 0.91484375 0.7109375 0.0203125 0.0296875
2 0.94453125 0.6703125 0.040625 0.0328125
2 0.34296875 0.834375 0.03125 0.0234375
2 0.2421875 0.83984375 0.0328125 0.025
2 0.22109375 0.79921875 0.0203125 0.0171875
2 0.253125 0.8046875 0.03125 0.0328125
2 0.13125 0.625 0.0203125 0.0125
2 0.1265625 0.64296875 0.025 0.01875
2 0.3375 0.7140625 0.025 0.028125
2 0.37265625 0.50625 0.0375 0.025
2 0.5203125 0.47265625 0.0390625 0.025
2 0.5875 0.46484375 0.04375 0.0328125
2 0.6421875 0.43828125 0.0421875 0.0328125
2 0.84140625 0.36171875 0.0484375 0.0390625
2 0.79765625 0.3125 0.0375 0.0265625
2 0.87265625 0.3421875 0.028125 0.01875
2 0.4140625 0.309375 0.0234375 0.0203125
2 0.3453125 0.28359375 0.0265625 0.0140625
2 0.153125 0.39140625 0.040625 0.0265625
2 0.02421875 0.44609375 0.034375 0.0265625
2 0.26484375 0.47421875 0.028125 0.01875
2 0.31015625 0.48203125 0.0375 0.025
2 0.0203125 0.5015625 0.03125 0.01875
2 0.51953125 0.171875 0.0296875 0.0234375
2 0.584375 0.084375 0.03125 0.0234375
2 0.34296875 0.38359375 0.0453125 0.034375
2 0.1265625 0.4234375 0.0421875 0.025
2 0.05546875 0.5265625 0.0390625 0.0171875
2 0.01328125 0.5328125 0.0265625 0.0234375