2 0.77421875 0.565625 0.0390625 0.0421875
2 0.6171875 0.48984375 0.0328125 0.0375
2 0.7828125 0.6515625 0.040625 0.04375
2 0.8390625 0.5890625 0.0359375 0.0421875
2 0.52890625 0.6109375 0.0265625 0.0390625
2 0.13984375 0.4390625 0.025 0.0328125
2 0.74765625 0.871875 0.034375 0.0390625
2 0.08828125 0.34140625 0.03125 0.034375
2 0.165625 0.878125 0.021875 0.0296875
2 0.34140625 0.22890625 0.03125 0.0359375
2 0.03125 0.30546875 0.03125 0.040625
2 0.76875 0.27734375 0.0234375 0.0265625
2 0.85078125 0.5484375 0.025 0.0328125
2 0.7125 0.1703125 0.015625 0.0171875
2 0.78671875 0.825 0.025 0.021875
2 0.12578125 0.7390625 0.025 0.0265625
2 0.30546875 0.3703125 0.0234375 0.0265625
2 0.79375 0.71875 0.0234375 0.025
2 0.259375 0.10546875 0.03125 0.0375
2 0.3109375 0.2203125 0.028125 0.0375
2 0.56953125 0.1703125 0.01875 0.0203125
2 0.8234375 0.628125 0.0296875 0.04375
2 0.415625 0.56875 0.0171875 0.025
2 0.38515625 0.65390625 0.015625 0.0171875
2 0.109375 0.315625 0.021875 0.0296875
2 0.8125 0.97265625 0.0265625 0.025
2 0.62890625 0.7375 0.0203125 0.0203125
2 0.33125 0.77109375 0.0109375 0.015625
2 0.22890625 0.5796875 0.015625 0.0203125
2 0.09296875 0.64453125 0.015625 0.0125
2 0.76484375 0.1484375 0.0203125 0.0234375
2 0.76484375 0.19296875 0.0078125 0.015625
2 0.80546875 0.71015625 0.015625 0.0203125
2 0.84375 0.73515625 0.015625 0.015625
2 0.253125 0.0296875 0.0203125 0.028125
2 0.42421875 0.0890625 0.0203125 0.0265625
2 0.42421875 0.2234375 0.025 0.034375
2 0.39140625 0.2046875 0.021875 0.0234375
2 0.4265625 0.32734375 0.0125 0.0234375
2 0.51640625 0.22578125 0.0125 0.021875
2 0.321875 0.64296875 0.009375 0.01875
2 0.42109375 0.63984375 0.015625 0.028125