2 0.12109375 0.2921875 0.0109375 0.0140625
2 0.08671875 0.3046875 0.009375 0.0125
2 0.00703125 0.32578125 0.009375 0.0109375
2 0.046875 0.3578125 0.0078125 0.0109375
2 0.07265625 0.3390625 0.0046875 0.0078125
2 0.08515625 0.3390625 0.0078125 0.0078125
2 0.07734375 0.34375 0.00625 0.0078125
2 0.0703125 0.3484375 0.009375 0.0125
2 0.05703125 0.3515625 0.0078125 0.009375
2 0.07109375 0.36015625 0.0078125 0.009375
2 0.084375 0.36796875 0.0078125 0.0109375
2 0.090625 0.3859375 0.0109375 0.0125
2 0.01796875 0.4265625 0.00625 0.009375
2 0.003125 0.459375 0.00625 0.009375
2 0.040625 0.4515625 0.009375 0.0125
2 0.03359375 0.46171875 0.009375 0.009375
2 0.04765625 0.44609375 0.0046875 0.0078125
2 0.09765625 0.4203125 0.0078125 0.0125
2 0.04921875 0.46875 0.0078125 0.0109375
2 0.0421875 0.48125 0.009375 0.0109375
2 0.06953125 0.49140625 0.0078125 0.009375
2 0.06953125 0.4625 0.00625 0.009375
2 0.07109375 0.475 0.00625 0.0109375
2 0.0765625 0.46875 0.0109375 0.009375
2 0.0578125 0.54296875 0.0078125 0.0109375
2 0.06640625 0.53984375 0.009375 0.0078125
2 0.06640625 0.54765625 0.0078125 0.0078125
2 0.0671875 0.60546875 0.0078125 0.0125
2 0.0765625 0.60546875 0.0109375 0.0109375
2 0.084375 0.6140625 0.009375 0.0078125
2 0.10234375 0.55703125 0.0078125 0.0125
2 0.109375 0.5640625 0.0078125 0.009375
2 0.12265625 0.53984375 0.0078125 0.0125
2 0.190625 0.52265625 0.009375 0.0125
2 0.09765625 0.48203125 0.0109375 0.0140625
2 0.1046875 0.475 0.0109375 0.0140625
2 0.1265625 0.46640625 0.009375 0.0140625
2 0.1625 0.44609375 0.0171875 0.0203125
2 0.1609375 0.478125 0.0125 0.0125
2 0.1578125 0.49453125 0.009375 0.0125
2 0.26015625 0.278125 0.0140625 0.0171875
2 0.2390625 0.28359375 0.0171875 0.0171875
2 0.2265625 0.36015625 0.015625 0.01875
2 0.246875 0.34609375 0.0140625 0.0234375
2 0.25546875 0.4328125 0.0140625 0.01875
2 0.26953125 0.4328125 0.0140625 0.0203125
2 0.2984375 0.41015625 0.0109375 0.01875
2 0.3203125 0.43203125 0.01875 0.0234375
2 0.2125 0.4734375 0.0109375 0.0140625
2 0.2296875 0.71015625 0.015625 0.0171875
2 0.2390625 0.72265625 0.0171875 0.01875
2 0.24765625 0.74296875 0.0140625 0.0171875
2 0.2796875 0.6921875 0.0125 0.01875
2 0.3234375 0.70703125 0.009375 0.0140625
2 0.334375 0.70703125 0.0109375 0.015625
2 0.3015625 0.703125 0.0078125 0.009375
2 0.3078125 0.25390625 0.0078125 0.0171875
2 0.32265625 0.25078125 0.0078125 0.0140625
2 0.3140625 0.25078125 0.0125 0.01875
2 0.35 0.259375 0.0171875 0.0234375
2 0.36640625 0.2515625 0.0140625 0.021875
2 0.54453125 0.01640625 0.0203125 0.0296875
2 0.54140625 0.03984375 0.0234375 0.025
2 0.53359375 0.23203125 0.0171875 0.0234375
2 0.5625 0.27890625 0.01875 0.025
2 0.3859375 0.37734375 0.015625 0.01875
2 0.39375 0.36484375 0.0140625 0.0171875
2 0.41484375 0.2984375 0.0125 0.0203125
2 0.43359375 0.31875 0.01875 0.025
2 0.4140625 0.31796875 0.01875 0.0234375
2 0.4203125 0.346875 0.0234375 0.0296875
2 0.415625 0.4046875 0.01875 0.025
2 0.4828125 0.40703125 0.015625 0.021875
2 0.4734375 0.48125 0.0171875 0.021875
2 0.38515625 0.575 0.0203125 0.0265625
2 0.41015625 0.571875 0.01875 0.0265625
2 0.43046875 0.78984375 0.01875 0.0234375
2 0.4359375 0.75234375 0.021875 0.028125
2 0.4421875 0.80625 0.0203125 0.0265625
2 0.4640625 0.76953125 0.01875 0.0265625
2 0.4671875 0.82578125 0.01875 0.0328125
2 0.49375 0.80703125 0.0203125 0.028125
2 0.50703125 0.825 0.01875 0.025
2 0.4921875 0.8515625 0.021875 0.0234375
2 0.47734375 0.82734375 0.0125 0.0203125
2 0.54765625 0.81015625 0.0203125 0.0265625
2 0.5390625 0.71171875 0.01875 0.0265625
2 0.61484375 0.73671875 0.01875 0.0234375
2 0.63828125 0.684375 0.01875 0.0234375
2 0.584375 0.65625 0.01875 0.028125
2 0.58203125 0.66640625 0.021875 0.01875
2 0.603125 0.66640625 0.021875 0.0265625
2 0.59609375 0.6859375 0.0203125 0.0234375
2 0.65 0.60625 0.0203125 0.028125
2 0.6453125 0.621875 0.0203125 0.0203125
2 0.640625 0.6421875 0.0125 0.0125
2 0.65390625 0.63359375 0.009375 0.0140625
2 0.66953125 0.6171875 0.0140625 0.0171875
2 0.63359375 0.521875 0.021875 0.0296875
2 0.584375 0.55703125 0.021875 0.0265625
2 0.5578125 0.5015625 0.0234375 0.0296875
2 0.5515625 0.54609375 0.0203125 0.0234375
2 0.55859375 0.56015625 0.021875 0.021875
2 0.55078125 0.38125 0.01875 0.0234375
2 0.6359375 0.196875 0.0203125 0.0265625
2 0.6234375 0.23125 0.0203125 0.025
2 0.665625 0.34609375 0.0171875 0.0234375
2 0.66015625 0.36953125 0.0234375 0.028125
2 0.6328125 0.41171875 0.01875 0.0234375
2 0.6578125 0.40703125 0.01875 0.025
2 0.67421875 0.4703125 0.0234375 0.028125
2 0.7203125 0.690625 0.0171875 0.0203125
2 0.72421875 0.70390625 0.01875 0.0234375
2 0.74140625 0.71484375 0.0203125 0.0234375
2 0.73359375 0.72734375 0.01875 0.0203125
2 0.76484375 0.6359375 0.0140625 0.01875
2 0.75625 0.66328125 0.0171875 0.0203125
2 0.78359375 0.65234375 0.0140625 0.0171875
2 0.78828125 0.5984375 0.015625 0.01875
2 0.7953125 0.57890625 0.0125 0.0171875
2 0.8109375 0.59609375 0.01875 0.0234375
2 0.81171875 0.55546875 0.01875 0.0265625
2 0.82265625 0.6390625 0.021875 0.021875
2 0.83046875 0.5875 0.0140625 0.01875
2 0.8140625 0.703125 0.015625 0.0234375
2 0.8515625 0.68515625 0.0140625 0.015625
2 0.85859375 0.67421875 0.0125 0.01875
2 0.86640625 0.6375 0.0171875 0.021875
2 0.88125 0.63671875 0.015625 0.01875
2 0.8828125 0.6875 0.0140625 0.0203125
2 0.89296875 0.68046875 0.0125 0.015625
2 0.8828125 0.71953125 0.015625 0.0203125
2 0.87734375 0.72890625 0.0140625 0.0171875
2 0.9265625 0.52265625 0.015625 0.01875
2 0.9125 0.5875 0.0140625 0.01875
2 0.94609375 0.58359375 0.0109375 0.015625
2 0.96484375 0.58984375 0.0125 0.0171875
2 0.96171875 0.59453125 0.0125 0.0125
2 0.9859375 0.55625 0.015625 0.0171875
2 0.728125 0.52890625 0.025 0.028125
2 0.6625 0.575 0.01875 0.0234375
2 0.834375 0.415625 0.015625 0.01875
2 0.8375 0.3359375 0.021875 0.025
2 0.95078125 0.340625 0.01875 0.021875
2 0.95859375 0.303125 0.0140625 0.0171875
2 0.84765625 0.28203125 0.021875 0.0296875
2 0.89296875 0.20859375 0.01875 0.021875