2 0.1890625 0.2921875 0.0125 0.009375
2 0.125 0.3421875 0.00625 0.00625
2 0.11171875 0.35859375 0.00625 0.0046875
2 0.0609375 0.41953125 0.0078125 0.00625
2 0.06796875 0.4171875 0.009375 0.0046875
2 0.003125 0.41328125 0.00625 0.0046875
2 0.04375 0.4453125 0.009375 0.00625
2 0.03046875 0.44765625 0.0078125 0.00625
2 0.11875 0.3765625 0.00625 0.003125
2 0.1171875 0.3859375 0.0078125 0.00625
2 0.2234375 0.3953125 0.0125 0.0078125
2 0.23046875 0.39140625 0.0109375 0.0078125
2 0.184375 0.42109375 0.0140625 0.0078125
2 0.14140625 0.4296875 0.0125 0.0078125
2 0.1203125 0.440625 0.009375 0.00625
2 0.203125 0.44375 0.0109375 0.009375
2 0.01953125 0.49140625 0.009375 0.0078125
2 0.0625 0.44921875 0.0140625 0.0078125
2 0.075 0.46796875 0.00625 0.0046875
2 0.02109375 0.4984375 0.0078125 0.0046875
2 0.03125 0.5 0.0078125 0.0046875
2 0.13046875 0.45390625 0.009375 0.00625
2 0.1328125 0.45859375 0.00625 0.0046875
2 0.09453125 0.53359375 0.0078125 0.0046875
2 0.10546875 0.525 0.0078125 0.0046875
2 0.18359375 0.50546875 0.0078125 0.0046875
2 0.1984375 0.48671875 0.00625 0.00625
2 0.2265625 0.5 0.009375 0.00625
2 0.2296875 0.40859375 0.0140625 0.00625
2 0.2109375 0.42109375 0.009375 0.0078125
2 0.2765625 0.3953125 0.0125 0.0078125
2 0.31015625 0.3890625 0.015625 0.009375
2 0.3890625 0.3875 0.0109375 0.0078125
2 0.3828125 0.390625 0.009375 0.0078125
2 0.42421875 0.3640625 0.0109375 0.009375
2 0.4375 0.359375 0.0140625 0.0109375
2 0.45703125 0.3609375 0.015625 0.0125
2 0.3015625 0.29140625 0.015625 0.0109375
2 0.2875 0.2546875 0.0140625 0.0078125
2 0.2609375 0.26640625 0.009375 0.00625
2 0.30625 0.26328125 0.0125 0.00625
2 0.33984375 0.2734375 0.009375 0.009375
2 0.3703125 0.275 0.0140625 0.009375
2 0.30625 0.321875 0.0125 0.0046875
2 0.3265625 0.31484375 0.0140625 0.0078125
2 0.29140625 0.325 0.0078125 0.0078125
2 0.22265625 0.3328125 0.0140625 0.0078125
2 0.3234375 0.5015625 0.0140625 0.0109375
2 0.3 0.49453125 0.0140625 0.009375
2 0.29609375 0.51171875 0.0140625 0.009375
2 0.35625 0.478125 0.0109375 0.0109375
2 0.396875 0.484375 0.015625 0.0109375
2 0.3703125 0.525 0.015625 0.009375
2 0.38203125 0.540625 0.0140625 0.0109375
2 0.3140625 0.5359375 0.0125 0.0078125
2 0.26953125 0.55078125 0.009375 0.009375
2 0.403125 0.58359375 0.0140625 0.009375
2 0.4265625 0.5828125 0.0109375 0.0078125
2 0.46015625 0.296875 0.009375 0.0078125
2 0.5375 0.3125 0.0171875 0.0140625
2 0.484375 0.3390625 0.01875 0.0109375
2 0.5109375 0.34765625 0.0125 0.009375
2 0.48125 0.378125 0.0140625 0.0109375
2 0.5078125 0.365625 0.0125 0.009375
2 0.47109375 0.38125 0.0140625 0.009375
2 0.45390625 0.38828125 0.015625 0.0125
2 0.4671875 0.39296875 0.0109375 0.0078125
2 0.4328125 0.42109375 0.0125 0.009375
2 0.4484375 0.42578125 0.0125 0.009375
2 0.4953125 0.4421875 0.0140625 0.009375
2 0.503125 0.4953125 0.015625 0.0125
2 0.5171875 0.4984375 0.0171875 0.0125
2 0.52421875 0.5125 0.0125 0.0109375
2 0.534375 0.51171875 0.015625 0.0125
2 0.54140625 0.3375 0.0125 0.009375
2 0.56171875 0.32890625 0.0125 0.0078125
2 0.6 0.3328125 0.0125 0.009375
2 0.61171875 0.328125 0.0140625 0.0109375
2 0.67421875 0.34375 0.015625 0.0125
2 0.70546875 0.33984375 0.0171875 0.0109375
2 0.71953125 0.33671875 0.0125 0.0109375
2 0.6015625 0.54296875 0.0171875 0.0125
2 0.57421875 0.615625 0.0171875 0.0109375
2 0.590625 0.6109375 0.0109375 0.0078125
2 0.60078125 0.61171875 0.0125 0.009375
2 0.625 0.62421875 0.0109375 0.0078125
2 0.5671875 0.628125 0.0078125 0.0078125
2 0.56640625 0.64609375 0.0140625 0.0046875
2 0.6015625 0.653125 0.015625 0.0078125
2 0.5484375 0.66171875 0.0125 0.0078125
2 0.77109375 0.5234375 0.0109375 0.0078125
2 0.75703125 0.5421875 0.0125 0.0078125
2 0.8046875 0.51015625 0.0125 0.0078125
2 0.7625 0.4265625 0.0125 0.0109375
2 0.80078125 0.4 0.015625 0.0125
2 0.8375 0.3953125 0.015625 0.0078125
2 0.89140625 0.33359375 0.03125 0.0171875
2 0.9234375 0.35703125 0.0296875 0.015625
2 0.97421875 0.24921875 0.0328125 0.0234375
2 0.95234375 0.71171875 0.03125 0.0203125
2 0.96875 0.72265625 0.028125 0.0140625
2 0.94765625 0.69765625 0.0140625 0.0125