2 0.65703125 0.86328125 0.0515625 0.0421875
2 0.8109375 0.7140625 0.05 0.0359375
2 0.85234375 0.72578125 0.05625 0.0421875
2 0.82890625 0.60546875 0.0625 0.0453125
2 0.92890625 0.6046875 0.065625 0.05
2 0.90703125 0.66015625 0.0453125 0.0359375
2 0.87265625 0.6609375 0.034375 0.028125
2 0.8375 0.65546875 0.0390625 0.0359375
2 0.80390625 0.76875 0.05 0.0390625
2 0.6734375 0.76015625 0.021875 0.0359375
2 0.721875 0.53046875 0.05 0.0359375
2 0.5265625 0.45625 0.0703125 0.0578125
2 0.68984375 0.371875 0.05625 0.0390625
2 0.74765625 0.3625 0.05 0.0234375
2 0.48515625 0.46640625 0.05 0.040625
2 0.3546875 0.42734375 0.046875 0.0359375
2 0.40234375 0.4296875 0.0359375 0.0234375
2 0.37109375 0.4625 0.040625 0.025
2 0.21953125 0.51171875 0.0328125 0.0234375
2 0.06875 0.465625 0.025 0.0171875
2 0.35546875 0.75 0.034375 0.0296875
2 0.38515625 0.77265625 0.025 0.0125
2 0.12109375 0.64453125 0.0296875 0.01875
2 0.4796875 0.24765625 0.0578125 0.053125
2 0.58203125 0.1921875 0.065625 0.0546875
2 0.61796875 0.21875 0.059375 0.046875
2 0.6703125 0.23203125 0.05 0.034375
2 0.9484375 0.25 0.05625 0.040625
2 0.39375 0.01171875 0.05625 0.0234375
2 0.60859375 0.009375 0.0203125 0.01875
2 0.325 0.00703125 0.0265625 0.0140625
2 0.221875 0.078125 0.0390625 0.03125
2 0.08515625 0.1875 0.0390625 0.0265625
2 0.01953125 0.171875 0.0375 0.028125
2 0.01171875 0.11484375 0.0234375 0.021875
2 0.0875 0.07890625 0.03125 0.0171875
2 0.14375 0.246875 0.0296875 0.015625
2 0.065625 0.2828125 0.0265625 0.0203125
2 0.10078125 0.29140625 0.034375 0.0203125