2 0.3796875 0.16328125 0.021875 0.01875
2 0.17578125 0.3265625 0.0265625 0.0171875
2 0.08828125 0.35625 0.01875 0.0125
2 0.1140625 0.35234375 0.0140625 0.0109375
2 0.01640625 0.3796875 0.0171875 0.0109375
2 0.021875 0.3875 0.015625 0.0109375
2 0.06796875 0.3734375 0.0125 0.0078125
2 0.07578125 0.3859375 0.0125 0.0078125
2 0.10703125 0.38671875 0.0265625 0.0203125
2 0.20625 0.35 0.01875 0.015625
2 0.4078125 0.21796875 0.025 0.0203125
2 0.33828125 0.2484375 0.0171875 0.0140625
2 0.390625 0.31328125 0.03125 0.021875
2 0.2734375 0.3578125 0.025 0.0203125
2 0.2390625 0.38125 0.0296875 0.0203125
2 0.190625 0.39921875 0.0296875 0.015625
2 0.13046875 0.43515625 0.021875 0.0203125
2 0.03046875 0.49453125 0.0234375 0.01875
2 0.42265625 0.35390625 0.028125 0.0203125
2 0.509375 0.27578125 0.0265625 0.01875
2 0.54375 0.275 0.021875 0.0171875
2 0.55390625 0.29921875 0.021875 0.0171875
2 0.59296875 0.375 0.0234375 0.0171875
2 0.64375 0.34140625 0.0203125 0.015625
2 0.71015625 0.3453125 0.0203125 0.015625
2 0.6890625 0.371875 0.021875 0.01875
2 0.64296875 0.3703125 0.021875 0.015625
2 0.59609375 0.42890625 0.0265625 0.01875
2 0.5984375 0.446875 0.0234375 0.015625
2 0.23046875 0.40234375 0.0296875 0.0203125
2 0.22578125 0.43203125 0.028125 0.0203125
2 0.2125 0.44453125 0.0265625 0.01875
2 0.26796875 0.43984375 0.025 0.021875
2 0.2984375 0.42734375 0.0359375 0.025
2 0.33046875 0.428125 0.0265625 0.0203125
2 0.05546875 0.496875 0.021875 0.0171875
2 0.06796875 0.5015625 0.025 0.01875
2 0.09765625 0.48359375 0.0234375 0.015625
2 0.11328125 0.496875 0.021875 0.0140625
2 0.115625 0.5390625 0.0265625 0.0171875
2 0.17421875 0.53515625 0.0265625 0.021875
2 0.1953125 0.534375 0.025 0.01875
2 0.21953125 0.54140625 0.01875 0.0140625
2 0.1625 0.53671875 0.0140625 0.015625
2 0.07890625 0.57265625 0.025 0.0171875
2 0.040625 0.6 0.025 0.01875
2 0.00859375 0.61640625 0.0171875 0.0203125
2 0.1484375 0.62109375 0.0328125 0.0234375
2 0.0875 0.671875 0.03125 0.01875
2 0.07109375 0.68046875 0.03125 0.0234375
2 0.13984375 0.73515625 0.025 0.0203125
2 0.19453125 0.73671875 0.0265625 0.0203125
2 0.31328125 0.6328125 0.0296875 0.0171875
2 0.32890625 0.603125 0.0296875 0.021875
2 0.30390625 0.6734375 0.028125 0.01875
2 0.2921875 0.6984375 0.03125 0.021875
2 0.384375 0.6328125 0.0296875 0.021875
2 0.434375 0.69765625 0.0296875 0.0203125
2 0.45234375 0.7046875 0.0265625 0.01875
2 0.2015625 0.79140625 0.0265625 0.021875
2 0.25 0.7671875 0.0359375 0.0234375
2 0.253125 0.80703125 0.028125 0.021875
2 0.253125 0.828125 0.03125 0.0203125
2 0.29609375 0.7734375 0.0265625 0.021875
2 0.3015625 0.80078125 0.03125 0.021875
2 0.31953125 0.82109375 0.0296875 0.0234375
2 0.36875 0.8125 0.0296875 0.0234375
2 0.48515625 0.78828125 0.03125 0.0234375
2 0.38046875 0.77265625 0.028125 0.0234375
2 0.3953125 0.75 0.028125 0.021875
2 0.4265625 0.75703125 0.034375 0.0234375
2 0.53828125 0.66796875 0.0234375 0.0171875
2 0.5921875 0.78125 0.03125 0.025
2 0.61171875 0.796875 0.034375 0.0265625
2 0.65625 0.74921875 0.0265625 0.0234375
2 0.65859375 0.7109375 0.0328125 0.0265625
2 0.6984375 0.690625 0.0234375 0.01875
2 0.71484375 0.75234375 0.0328125 0.028125
2 0.76328125 0.71875 0.0203125 0.0203125
2 0.76328125 0.68515625 0.0265625 0.01875
2 0.80703125 0.7078125 0.0140625 0.0125
2 0.82265625 0.7015625 0.0265625 0.0171875
2 0.55625 0.64140625 0.03125 0.021875
2 0.58125 0.6359375 0.0234375 0.01875
2 0.7125 0.628125 0.025 0.01875
2 0.74921875 0.65625 0.03125 0.021875
2 0.31875 0.52578125 0.025 0.021875
2 0.33359375 0.5203125 0.0234375 0.01875
2 0.315625 0.47734375 0.034375 0.0203125
2 0.390625 0.46484375 0.0265625 0.01875
2 0.41484375 0.53203125 0.025 0.01875
2 0.3984375 0.55234375 0.021875 0.015625
2 0.47421875 0.55546875 0.025 0.0171875
2 0.60234375 0.49296875 0.0203125 0.0171875
2 0.60234375 0.521875 0.0234375 0.0171875
2 0.65234375 0.51640625 0.0234375 0.01875
2 0.65 0.49296875 0.0265625 0.01875
2 0.775 0.3453125 0.0109375 0.009375
2 0.78125 0.359375 0.009375 0.009375
2 0.8421875 0.3125 0.025 0.01875
2 0.88828125 0.32734375 0.01875 0.015625
2 0.840625 0.36484375 0.021875 0.015625
2 0.9671875 0.3328125 0.0171875 0.0140625
2 0.95546875 0.34453125 0.0171875 0.0109375
2 0.89765625 0.37421875 0.021875 0.015625
2 0.92265625 0.396875 0.025 0.0140625
2 0.91796875 0.41953125 0.0140625 0.015625
2 0.90859375 0.45625 0.025 0.0234375
2 0.95234375 0.41171875 0.0171875 0.0125
2 0.928125 0.50546875 0.025 0.01875
2 0.9359375 0.51796875 0.01875 0.015625
2 0.9 0.5421875 0.0296875 0.0203125
2 0.8703125 0.51328125 0.0234375 0.0203125
2 0.82265625 0.5296875 0.03125 0.0203125
2 0.81484375 0.59375 0.025 0.01875
2 0.6890625 0.58125 0.028125 0.0203125
2 0.70625 0.58125 0.025 0.01875
2 0.65234375 0.6359375 0.0265625 0.0203125
2 0.83828125 0.64921875 0.0265625 0.0203125
2 0.8609375 0.63046875 0.0234375 0.01875
2 0.9453125 0.66953125 0.025 0.01875
2 0.96875 0.62578125 0.0234375 0.0203125
2 0.97578125 0.5015625 0.0203125 0.01875