2 0.22109375 0.43515625 0.015625 0.021875
2 0.0578125 0.38046875 0.0140625 0.0171875
2 0.18984375 0.28828125 0.009375 0.0171875
2 0.2765625 0.25546875 0.015625 0.0203125
2 0.2765625 0.30234375 0.0109375 0.015625
2 0.33515625 0.30078125 0.015625 0.01875
2 0.334375 0.275 0.0140625 0.0203125
2 0.40625 0.15546875 0.01875 0.021875
2 0.4078125 0.3671875 0.01875 0.025
2 0.38359375 0.40546875 0.015625 0.021875
2 0.3828125 0.434375 0.015625 0.0171875
2 0.30078125 0.43984375 0.0140625 0.0171875
2 0.24765625 0.5359375 0.0140625 0.015625
2 0.278125 0.53125 0.0109375 0.0171875
2 0.33828125 0.5375 0.0140625 0.0203125
2 0.3828125 0.496875 0.021875 0.0171875
2 0.44609375 0.421875 0.0171875 0.0234375
2 0.62578125 0.4484375 0.0203125 0.028125
2 0.4671875 0.9765625 0.025 0.0265625
2 0.56328125 0.9078125 0.01875 0.0234375
2 0.55078125 0.84453125 0.0109375 0.0265625
2 0.5953125 0.81875 0.0203125 0.0234375
2 0.68828125 0.82109375 0.0203125 0.021875
2 0.89609375 0.8265625 0.0234375 0.0265625
2 0.9046875 0.87109375 0.021875 0.0265625
2 0.99609375 0.91484375 0.0078125 0.021875
2 0.68203125 0.615625 0.01875 0.0234375
2 0.72265625 0.6140625 0.0203125 0.0234375
2 0.6875 0.58671875 0.0203125 0.0234375
2 0.70234375 0.5234375 0.0203125 0.0265625
2 0.765625 0.52734375 0.0234375 0.0265625
2 0.84453125 0.57890625 0.021875 0.0265625
2 0.92734375 0.4625 0.021875 0.03125
2 0.9125 0.37265625 0.0203125 0.025
2 0.840625 0.36328125 0.0203125 0.025
2 0.82421875 0.37734375 0.021875 0.028125
2 0.840625 0.38359375 0.015625 0.0171875
2 0.73515625 0.403125 0.025 0.0296875
2 0.68125 0.40703125 0.0140625 0.0171875
2 0.93515625 0.28515625 0.01875 0.0234375
2 0.921875 0.3984375 0.0203125 0.0234375
2 0.8375 0.071875 0.021875 0.03125
2 0.43671875 0.9046875 0.01875 0.03125
2 0.159375 0.4296875 0.0109375 0.0171875
2 0.2140625 0.39921875 0.01875 0.015625
2 0.24765625 0.39453125 0.021875 0.021875
2 0.00546875 0.3046875 0.0109375 0.01875
2 0.01796875 0.30078125 0.0140625 0.0203125
2 0.26875 0.23359375 0.0171875 0.0171875
2 0.19140625 0.265625 0.0171875 0.01875
2 0.29453125 0.18984375 0.0140625 0.0203125
2 0.49765625 0.15625 0.0171875 0.0203125
2 0.5625 0.365625 0.0125 0.015625