2 0.94296875 0.80390625 0.0140625 0.0171875
2 0.96484375 0.7109375 0.0171875 0.0171875
2 0.96953125 0.72421875 0.015625 0.0140625
2 0.95703125 0.71953125 0.0109375 0.015625
2 0.8984375 0.67265625 0.0203125 0.0234375
2 0.86953125 0.65859375 0.0171875 0.0203125
2 0.88125 0.6765625 0.0171875 0.01875
2 0.90546875 0.61796875 0.0140625 0.01875
2 0.784375 0.70625 0.01875 0.0203125
2 0.7890625 0.64921875 0.01875 0.0234375
2 0.83046875 0.67890625 0.01875 0.01875
2 0.85 0.6921875 0.0125 0.0125
2 0.85546875 0.653125 0.0125 0.0203125
2 0.87734375 0.52734375 0.01875 0.0203125
2 0.79765625 0.453125 0.021875 0.021875
2 0.746875 0.44296875 0.01875 0.0203125
2 0.87734375 0.39453125 0.0171875 0.01875
2 0.95859375 0.39453125 0.015625 0.0203125
2 0.96953125 0.36171875 0.0234375 0.021875
2 0.99140625 0.32890625 0.0171875 0.0203125
2 0.8859375 0.3328125 0.0140625 0.015625
2 0.9109375 0.2953125 0.0125 0.0203125
2 0.94765625 0.25703125 0.015625 0.01875
2 0.85234375 0.16875 0.0171875 0.0203125
2 0.7265625 0.2296875 0.0171875 0.021875
2 0.78203125 0.27109375 0.015625 0.0109375
2 0.87734375 0.25 0.0125 0.0171875
2 0.67578125 0.4984375 0.01875 0.0171875
2 0.66015625 0.57109375 0.015625 0.0171875
2 0.734375 0.659375 0.0140625 0.015625
2 0.84140625 0.57890625 0.0125 0.009375
2 0.6 0.4265625 0.0125 0.01875
2 0.5859375 0.41796875 0.0140625 0.0109375
2 0.59453125 0.440625 0.0078125 0.0078125
2 0.58671875 0.465625 0.0109375 0.015625
2 0.56953125 0.44140625 0.015625 0.01875
2 0.5734375 0.46640625 0.0140625 0.0140625
2 0.5390625 0.37734375 0.0109375 0.0171875
2 0.5671875 0.2984375 0.015625 0.0171875
2 0.5234375 0.49453125 0.0171875 0.0203125
2 0.521875 0.534375 0.015625 0.015625
2 0.521875 0.5546875 0.0109375 0.0171875
2 0.54765625 0.590625 0.0125 0.015625
2 0.59453125 0.721875 0.0078125 0.015625
2 0.58828125 0.74921875 0.01875 0.01875
2 0.53671875 0.71796875 0.009375 0.0125
2 0.5234375 0.70859375 0.009375 0.0140625
2 0.57109375 0.696875 0.009375 0.0109375
2 0.41015625 0.42421875 0.0125 0.015625
2 0.4125 0.428125 0.0125 0.0140625
2 0.46171875 0.45234375 0.009375 0.0125
2 0.41328125 0.51875 0.0078125 0.0109375
2 0.41484375 0.52734375 0.0078125 0.0140625
2 0.41953125 0.5453125 0.009375 0.015625
2 0.428125 0.54765625 0.009375 0.015625
2 0.4359375 0.54921875 0.00625 0.009375
2 0.45 0.55625 0.0140625 0.015625
2 0.37578125 0.51953125 0.0078125 0.009375
2 0.3734375 0.4578125 0.0078125 0.009375
2 0.31640625 0.45859375 0.0078125 0.00625
2 0.47734375 0.6265625 0.0125 0.0140625
2 0.4796875 0.6359375 0.009375 0.0078125
2 0.45625 0.62890625 0.0125 0.0109375
2 0.45078125 0.6328125 0.0125 0.0125
2 0.4453125 0.61640625 0.009375 0.0125
2 0.4453125 0.6078125 0.009375 0.0125
2 0.4421875 0.6515625 0.0078125 0.0078125
2 0.01015625 0.44453125 0.0203125 0.0296875
2 0.13828125 0.52890625 0.009375 0.0109375
2 0.18671875 0.49765625 0.009375 0.0125
2 0.25078125 0.4953125 0.0078125 0.009375
2 0.28203125 0.434375 0.0078125 0.0078125
2 0.21484375 0.509375 0.0078125 0.009375
2 0.19921875 0.559375 0.0078125 0.0078125
2 0.19765625 0.57265625 0.00625 0.0078125
2 0.25703125 0.60234375 0.009375 0.0078125
2 0.26953125 0.5875 0.00625 0.009375
2 0.28671875 0.578125 0.00625 0.0078125
2 0.3296875 0.53515625 0.00625 0.0078125
2 0.2234375 0.61328125 0.00625 0.0078125
2 0.18828125 0.60390625 0.00625 0.009375
2 0.1375 0.58515625 0.00625 0.0078125
2 0.14921875 0.60625 0.00625 0.0078125
2 0.16171875 0.628125 0.0078125 0.0078125
2 0.24375 0.559375 0.0078125 0.0078125
2 0.25859375 0.42890625 0.00625 0.0078125