2 0.271875 0.33125 0.021875 0.01875
2 0.8546875 0.475 0.028125 0.01875
2 0.57890625 0.57265625 0.021875 0.01875
2 0.49140625 0.5265625 0.021875 0.0171875
2 0.209375 0.4453125 0.0234375 0.0203125
2 0.4921875 0.70078125 0.0234375 0.0171875
2 0.45703125 0.69765625 0.021875 0.01875
2 0.13046875 0.828125 0.021875 0.0171875
2 0.3765625 0.48125 0.021875 0.015625
2 0.6609375 0.53515625 0.01875 0.0171875
2 0.10078125 0.8609375 0.0203125 0.0171875
2 0.59140625 0.540625 0.03125 0.0203125
2 0.715625 0.4859375 0.0234375 0.01875
2 0.3515625 0.76171875 0.015625 0.0140625
2 0.51953125 0.39765625 0.021875 0.0171875
2 0.8484375 0.51484375 0.0203125 0.0171875
2 0.2359375 0.615625 0.021875 0.0125
2 0.01796875 0.32109375 0.015625 0.01875
2 0.37265625 0.33359375 0.025 0.0171875
2 0.47265625 0.71953125 0.0203125 0.015625
2 0.0484375 0.83125 0.0203125 0.015625
2 0.01953125 0.3640625 0.0203125 0.01875
2 0.45703125 0.83828125 0.0203125 0.0171875
2 0.15703125 0.615625 0.015625 0.0125
2 0.54921875 0.546875 0.0203125 0.015625
2 0.63828125 0.32421875 0.0171875 0.0171875
2 0.0734375 0.30390625 0.0203125 0.01875
2 0.7390625 0.55234375 0.0171875 0.0140625
2 0.10625 0.41328125 0.0171875 0.015625
2 0.93125 0.29921875 0.015625 0.015625
2 0.278125 0.703125 0.0140625 0.0140625
2 0.83203125 0.61171875 0.015625 0.0125
2 0.71796875 0.5375 0.0140625 0.0125
2 0.32734375 0.7453125 0.015625 0.015625
2 0.2015625 0.68203125 0.0171875 0.015625
2 0.8546875 0.5765625 0.0140625 0.0125
2 0.40703125 0.80703125 0.015625 0.015625
2 0.23046875 0.390625 0.01875 0.0171875
2 0.78125 0.58671875 0.015625 0.015625
2 0.3078125 0.42578125 0.034375 0.0203125
2 0.7921875 0.54375 0.015625 0.015625
2 0.11484375 0.56796875 0.021875 0.015625
2 0.3515625 0.3 0.021875 0.01875
2 0.90390625 0.525 0.0171875 0.0125
2 0.46328125 0.40078125 0.0171875 0.0140625
2 0.88203125 0.5453125 0.0125 0.0109375
2 0.11796875 0.6234375 0.015625 0.0140625
2 0.6921875 0.734375 0.01875 0.0140625
2 0.23203125 0.35 0.0171875 0.0140625
2 0.14296875 0.6828125 0.0171875 0.0125
2 0.80859375 0.4 0.01875 0.0140625
2 0.62578125 0.38671875 0.0203125 0.0171875
2 0.45859375 0.43046875 0.0171875 0.0140625
2 0.6984375 0.31484375 0.0125 0.0125
2 0.190625 0.65 0.0140625 0.0125
2 0.6078125 0.5765625 0.0171875 0.0140625
2 0.08125 0.284375 0.025 0.01875
2 0.5375 0.478125 0.015625 0.0125
2 0.6921875 0.5640625 0.0203125 0.015625
2 0.80625 0.515625 0.015625 0.0140625
2 0.2375 0.734375 0.0203125 0.01875
2 0.23515625 0.31796875 0.01875 0.015625
2 0.75859375 0.3234375 0.021875 0.0140625
2 0.71015625 0.58359375 0.015625 0.0125
2 0.48515625 0.3234375 0.015625 0.0140625
2 0.596875 0.4828125 0.015625 0.0140625
2 0.42890625 0.709375 0.0140625 0.0125
2 0.728125 0.3828125 0.0171875 0.0125
2 0.23125 0.72734375 0.015625 0.015625
2 0.1203125 0.44140625 0.0171875 0.0125
2 0.69140625 0.5421875 0.01875 0.0125
2 0.66953125 0.68203125 0.015625 0.015625
2 0.01171875 0.4796875 0.0234375 0.015625
2 0.3484375 0.59609375 0.015625 0.0125
2 0.60390625 0.5375 0.0203125 0.0171875
2 0.44296875 0.47109375 0.0125 0.0109375
2 0.7578125 0.653125 0.0140625 0.0125
2 0.78828125 0.55078125 0.01875 0.021875
2 0.83359375 0.66015625 0.0203125 0.015625
2 0.70390625 0.55078125 0.015625 0.0125
2 0.88203125 0.46953125 0.0203125 0.01875
2 0.94140625 0.31796875 0.0171875 0.0125
2 0.628125 0.41640625 0.0203125 0.0125
2 0.690625 0.40703125 0.0203125 0.0125
2 0.24140625 0.37109375 0.0203125 0.0109375
2 0.3109375 0.3625 0.0171875 0.0109375
2 0.1578125 0.3421875 0.015625 0.0078125
2 0.17265625 0.6296875 0.015625 0.0078125