2 0.2203125 0.20078125 0.0640625 0.0515625
2 0.1125 0.25078125 0.0609375 0.053125
2 0.175 0.465625 0.071875 0.05625
2 0.1390625 0.47734375 0.0421875 0.04375
2 0.03203125 0.47265625 0.03125 0.0265625
2 0.0125 0.43828125 0.025 0.0328125
2 0.40234375 0.534375 0.046875 0.03125
2 0.4953125 0.60390625 0.0546875 0.040625
2 0.578125 0.59609375 0.053125 0.040625
2 0.50234375 0.64609375 0.034375 0.03125
2 0.5375 0.653125 0.0328125 0.028125
2 0.56796875 0.65234375 0.04375 0.03125
2 0.6765625 0.58671875 0.0265625 0.0265625
2 0.4796875 0.70859375 0.0484375 0.0359375
2 0.51875 0.71640625 0.05625 0.0390625
2 0.48125 0.76171875 0.04375 0.0375
2 0.35859375 0.7640625 0.03125 0.0359375
2 0.3421875 0.86953125 0.0484375 0.04375
2 0.3125 0.84765625 0.0515625 0.0328125
2 0.0265625 0.7859375 0.034375 0.0296875
2 0.059375 0.80546875 0.0234375 0.015625
2 0.3453125 0.38125 0.0546875 0.040625
2 0.39296875 0.37109375 0.0234375 0.0234375
2 0.26328125 0.2296875 0.0625 0.046875
2 0.32734375 0.24765625 0.034375 0.025
2 0.58515625 0.2734375 0.0421875 0.0390625
2 0.65 0.234375 0.04375 0.0375
2 0.66796875 0.34765625 0.025 0.025
2 0.87890625 0.1609375 0.0359375 0.021875
2 0.85390625 0.05859375 0.046875 0.0375
2 0.97890625 0.29765625 0.034375 0.021875
2 0.053125 0.0078125 0.040625 0.015625
2 0.25234375 0.0171875 0.0328125 0.0296875