2 0.41171875 0.48828125 0.021875 0.0421875
2 0.43671875 0.51875 0.0265625 0.034375
2 0.61015625 0.625 0.015625 0.0265625
2 0.39921875 0.64453125 0.021875 0.0453125
2 0.37109375 0.609375 0.021875 0.0390625
2 0.53125 0.465625 0.01875 0.0359375
2 0.48671875 0.459375 0.025 0.034375
2 0.37421875 0.54453125 0.0265625 0.0359375
2 0.36640625 0.434375 0.021875 0.0421875
2 0.41328125 0.37890625 0.0265625 0.04375
2 0.51171875 0.35 0.025 0.0390625
2 0.46484375 0.24453125 0.0265625 0.0359375
2 0.471875 0.215625 0.021875 0.0328125
2 0.509375 0.1953125 0.021875 0.0359375
2 0.49296875 0.20859375 0.021875 0.0421875
2 0.54765625 0.2109375 0.0203125 0.03125
2 0.5109375 0.3203125 0.0234375 0.0375
2 0.38359375 0.24453125 0.0234375 0.03125
2 0.371875 0.1265625 0.0265625 0.0328125
2 0.38359375 0.0515625 0.0203125 0.028125
2 0.47734375 0.04453125 0.0265625 0.040625
2 0.49921875 0.0796875 0.0125 0.0203125
2 0.69609375 0.2140625 0.0203125 0.0359375
2 0.74375 0.18828125 0.0203125 0.034375
2 0.58828125 0.228125 0.01875 0.0328125
2 0.6875 0.42109375 0.0203125 0.025
2 0.61796875 0.44765625 0.01875 0.0234375
2 0.64375 0.4 0.01875 0.0296875
2 0.5765625 0.659375 0.021875 0.03125
2 0.43046875 0.6109375 0.0125 0.0390625
2 0.54296875 0.11015625 0.025 0.0375
2 0.58828125 0.06171875 0.0296875 0.04375
2 0.6328125 0.1 0.01875 0.0359375
2 0.6859375 0.21171875 0.015625 0.03125
2 0.490625 0.2796875 0.0171875 0.0234375
2 0.45078125 0.2296875 0.021875 0.0421875
2 0.4796875 0.1328125 0.025 0.040625
2 0.596875 0.76015625 0.0203125 0.0359375