2 0.2859375 0.23515625 0.0375 0.071875
2 0.35390625 0.36484375 0.0328125 0.0359375
2 0.584375 0.60234375 0.0375 0.0578125
2 0.63984375 0.70703125 0.034375 0.059375
2 0.35 0.790625 0.0375 0.0578125
2 0.56015625 0.89453125 0.0328125 0.0546875
2 0.63125 0.7546875 0.0359375 0.059375
2 0.27109375 0.81015625 0.03125 0.059375
2 0.2234375 0.6625 0.025 0.0421875
2 0.18828125 0.39296875 0.028125 0.0546875
2 0.3390625 0.1046875 0.0421875 0.065625
2 0.2234375 0.27109375 0.0328125 0.0453125
2 0.30703125 0.6171875 0.0234375 0.05625