2 0.22265625 0.32734375 0.0421875 0.084375
2 0.16796875 0.1859375 0.0578125 0.1125
2 0.190625 0.60703125 0.040625 0.075
2 0.27265625 0.88203125 0.0328125 0.0421875
2 0.33125 0.97734375 0.03125 0.0453125
2 0.365625 0.41171875 0.034375 0.0625
2 0.0828125 0.565625 0.04375 0.0671875
2 0.1734375 0.32734375 0.0515625 0.075
2 0.0859375 0.065625 0.0734375 0.1125
2 0.0453125 0.26875 0.0578125 0.084375
2 0.0359375 0.44140625 0.0453125 0.071875
2 0.92421875 0.38125 0.0265625 0.053125
2 0.9046875 0.51015625 0.0375 0.0546875
2 0.91796875 0.6859375 0.025 0.04375
2 0.871875 0.74921875 0.0234375 0.0390625
2 0.8765625 0.8375 0.025 0.0359375
2 0.9078125 0.75234375 0.021875 0.0296875
2 0.7890625 0.540625 0.0171875 0.0359375
2 0.790625 0.3046875 0.021875 0.0421875
2 0.9359375 0.03046875 0.03125 0.0453125
2 0.07578125 0.175 0.0640625 0.096875
2 0.2578125 0.35546875 0.0375 0.0796875
2 0.3546875 0.84765625 0.0234375 0.0453125
2 0.9265625 0.49765625 0.028125 0.0515625