2 0.31875 0.59609375 0.040625 0.059375
2 0.32265625 0.66796875 0.028125 0.046875
2 0.3125 0.71484375 0.0296875 0.0484375
2 0.29921875 0.7390625 0.0359375 0.05
2 0.37421875 0.478125 0.028125 0.065625
2 0.415625 0.48515625 0.028125 0.0421875
2 0.44375 0.4453125 0.0328125 0.0640625
2 0.4109375 0.409375 0.0234375 0.0484375
2 0.5375 0.51328125 0.0234375 0.046875
2 0.55390625 0.503125 0.0234375 0.0421875
2 0.58671875 0.503125 0.0203125 0.03125
2 0.62421875 0.49765625 0.034375 0.05
2 0.596875 0.55546875 0.028125 0.04375
2 0.5984375 0.640625 0.0203125 0.05
2 0.58125 0.64140625 0.0203125 0.0453125
2 0.51171875 0.35859375 0.025 0.04375
2 0.5234375 0.44765625 0.0234375 0.05
2 0.5421875 0.3796875 0.01875 0.03125
2 0.60625 0.40078125 0.03125 0.0390625
2 0.471875 0.7421875 0.0296875 0.046875
2 0.4171875 0.8828125 0.03125 0.0453125
2 0.45625 0.86953125 0.021875 0.05625
2 0.453125 0.94765625 0.0328125 0.04375
2 0.32265625 0.884375 0.028125 0.05
2 0.32421875 0.92109375 0.03125 0.0453125
2 0.159375 0.75390625 0.028125 0.0515625
2 0.16953125 0.78984375 0.0328125 0.0515625
2 0.15078125 0.815625 0.0328125 0.0515625
2 0.15703125 0.7265625 0.03125 0.05625
2 0.58984375 0.9265625 0.03125 0.053125
2 0.715625 0.71640625 0.034375 0.05
2 0.76328125 0.71875 0.0234375 0.053125
2 0.790625 0.79296875 0.0203125 0.0515625
2 0.83984375 0.75 0.03125 0.0515625
2 0.86171875 0.84921875 0.0359375 0.0578125
2 0.87734375 0.8234375 0.0328125 0.046875
2 0.89140625 0.88671875 0.034375 0.053125
2 0.91796875 0.890625 0.025 0.0453125
2 0.93046875 0.84609375 0.025 0.0484375
2 0.8890625 0.7640625 0.028125 0.0515625
2 0.9078125 0.7015625 0.0328125 0.04375
2 0.98359375 0.75 0.0328125 0.05
2 0.81015625 0.67421875 0.028125 0.0546875
2 0.74375 0.63203125 0.040625 0.0484375
2 0.6921875 0.2765625 0.03125 0.05
2 0.7171875 0.2796875 0.028125 0.05625
2 0.73828125 0.29609375 0.0359375 0.053125
2 0.60390625 0.90703125 0.028125 0.0515625
2 0.74921875 0.5953125 0.03125 0.046875