2 0.74921875 0.27265625 0.015625 0.0234375
2 0.72421875 0.2765625 0.015625 0.03125
2 0.7546875 0.30625 0.015625 0.028125
2 0.725 0.23125 0.015625 0.0265625
2 0.81015625 0.1796875 0.015625 0.03125
2 0.79921875 0.29296875 0.015625 0.025
2 0.76796875 0.27265625 0.0203125 0.034375
2 0.75703125 0.1140625 0.015625 0.028125
2 0.45234375 0.203125 0.0140625 0.021875
2 0.4359375 0.14453125 0.0125 0.01875
2 0.4609375 0.11875 0.0140625 0.0234375
2 0.9359375 0.12265625 0.0234375 0.05
2 0.8703125 0.15 0.021875 0.0328125
2 0.83671875 0.33203125 0.0140625 0.025
2 0.97265625 0.315625 0.0296875 0.0390625
2 0.95 0.32265625 0.021875 0.0375
2 0.890625 0.2140625 0.0171875 0.0375
2 0.9734375 0.46953125 0.0171875 0.034375
2 0.95859375 0.46640625 0.015625 0.0375
2 0.94609375 0.403125 0.0203125 0.028125