2 0.60546875 0.0375 0.0625 0.075
2 0.5671875 0.1234375 0.04375 0.084375
2 0.5359375 0.14609375 0.0453125 0.0828125
2 0.4796875 0.08125 0.0421875 0.084375
2 0.44765625 0.17578125 0.0421875 0.06875
2 0.05390625 0.1953125 0.046875 0.096875
2 0.096875 0.146875 0.05 0.09375
2 0.13515625 0.1640625 0.0453125 0.0859375
2 0.20546875 0.18515625 0.040625 0.0703125
2 0.115625 0.41953125 0.0375 0.0546875
2 0.2296875 0.390625 0.040625 0.0546875
2 0.3234375 0.29765625 0.0375 0.0671875
2 0.315625 0.38984375 0.03125 0.0484375
2 0.303125 0.25234375 0.0359375 0.05
2 0.41015625 0.175 0.046875 0.0859375
2 0.54140625 0.3390625 0.0296875 0.053125
2 0.425 0.25625 0.0359375 0.05625
2 0.0375 0.371875 0.046875 0.0578125
2 0.196875 0.6859375 0.03125 0.0515625
2 0.20078125 0.7859375 0.034375 0.0609375
2 0.190625 0.53046875 0.034375 0.0546875
2 0.075 0.71875 0.0390625 0.0625
2 0.4140625 0.665625 0.028125 0.0578125
2 0.39375 0.04921875 0.059375 0.075