2 0.025 0.20234375 0.05 0.0921875
2 0.05234375 0.22890625 0.0578125 0.0859375
2 0.1453125 0.578125 0.0640625 0.071875
2 0.025 0.6859375 0.05 0.090625
2 0.36796875 0.7234375 0.053125 0.08125
2 0.40546875 0.7671875 0.034375 0.0578125
2 0.46796875 0.8078125 0.0375 0.0640625
2 0.38203125 0.9078125 0.040625 0.06875
2 0.35703125 0.92734375 0.05 0.071875
2 0.18671875 0.89765625 0.0609375 0.0671875
2 0.109375 0.82109375 0.0515625 0.0640625
2 0.36484375 0.5953125 0.0390625 0.096875
2 0.49453125 0.528125 0.040625 0.06875
2 0.50703125 0.4546875 0.0390625 0.0671875