2 0.303125 0.3578125 0.0484375 0.0703125
2 0.2078125 0.36875 0.0453125 0.0796875
2 0.18359375 0.515625 0.046875 0.08125
2 0.17109375 0.68046875 0.0453125 0.075
2 0.040625 0.81796875 0.0640625 0.08125
2 0.14609375 0.93984375 0.046875 0.078125
2 0.18359375 0.92734375 0.0359375 0.075
2 0.20859375 0.85546875 0.0375 0.0640625
2 0.23515625 0.746875 0.0453125 0.0703125
2 0.2046875 0.659375 0.0390625 0.078125
2 0.43359375 0.315625 0.0484375 0.0703125
2 0.35 0.29140625 0.0359375 0.053125
2 0.365625 0.22890625 0.0359375 0.0515625
2 0.36953125 0.06640625 0.03125 0.040625
2 0.4203125 0.20390625 0.040625 0.071875
2 0.43515625 0.59609375 0.040625 0.0671875
2 0.40703125 0.62890625 0.0390625 0.0640625
2 0.446875 0.5015625 0.0359375 0.071875
2 0.41484375 0.4140625 0.0453125 0.0890625
2 0.6046875 0.225 0.059375 0.0953125
2 0.45859375 0.6125 0.0265625 0.0515625
2 0.38046875 0.79921875 0.040625 0.065625
2 0.3078125 0.79140625 0.0546875 0.05625
2 0.3296875 0.96875 0.0328125 0.0625
2 0.33203125 0.65 0.040625 0.05625
2 0.23359375 0.61015625 0.0421875 0.0578125
2 0.20234375 0.23359375 0.0390625 0.0703125
2 0.47109375 0.2171875 0.0390625 0.05625
2 0.5140625 0.8203125 0.0328125 0.0671875
2 0.27578125 0.934375 0.0328125 0.0546875
2 0.34921875 0.50703125 0.0359375 0.0671875
2 0.2859375 0.50234375 0.0609375 0.1125
2 0.3203125 0.4296875 0.0390625 0.0703125
2 0.1109375 0.6390625 0.040625 0.059375
2 0.53046875 0.2296875 0.046875 0.075
2 0.4953125 0.1078125 0.05 0.0765625
2 0.4046875 0.27734375 0.034375 0.0546875
2 0.45859375 0.39609375 0.0375 0.05625