2 0.909375 0.05390625 0.028125 0.0421875
2 0.92265625 0.121875 0.0265625 0.0375
2 0.9140625 0.1546875 0.0296875 0.040625
2 0.7453125 0.1140625 0.0203125 0.040625
2 0.83203125 0.275 0.0203125 0.0359375
2 0.8625 0.3734375 0.0234375 0.03125
2 0.80625 0.3734375 0.0203125 0.0359375
2 0.809375 0.4125 0.0265625 0.0296875
2 0.83671875 0.40859375 0.0203125 0.0234375
2 0.85 0.44453125 0.01875 0.0328125
2 0.83046875 0.43671875 0.0234375 0.03125
2 0.915625 0.25546875 0.028125 0.05625
2 0.9375 0.31015625 0.0234375 0.0375
2 0.7421875 0.2359375 0.0265625 0.0390625