2 0.5932291671875001 1 0.5901041671875 0.9768518515625001 0.5848958328125 0.9694444437499999 0.5765625 0.9675925921875 0.5645833328125 0.98055555625 0.5609375 1 0.5932291671875001 1
2 0.3390625 0.5046296296875 0.3338541671875 0.48981481406249994 0.3265625 0.48148148125 0.32083333281250004 0.48055555625 0.3161458328125 0.4824074078125 0.3078125 0.4981481484375 0.30625 0.5138888890625 0.3098958328125 0.51851851875 0.3182291671875 0.5203703703125 0.3375 0.5138888890625 0.3390625 0.5046296296875
2 0.3614583328125 0.60555555625 0.3505208328125 0.6046296296875 0.3421875 0.61851851875 0.3421875 0.6416666671875 0.3505208328125 0.6555555562500001 0.3625 0.6555555562500001 0.3682291671875 0.6453703703125 0.3682291671875 0.6129629624999999 0.3614583328125 0.60555555625
2 0.5458333328125 1 0.5453125 0.9851851859374999 0.540625 0.9648148140625 0.5333333328125 0.95648148125 0.5234375 0.95648148125 0.5166666671875 0.9611111109375001 0.5125 0.9694444437499999 0.509375 0.9870370375 0.5098958328125 1 0.5458333328125 1
2 0.46770833281249996 0.9472222218749999 0.4625 0.925 0.4578125 0.9166666671874999 0.4484375 0.9129629625 0.434375 0.9268518515625 0.4328125 0.953703703125 0.44114583281249997 0.972222221875 0.4526041671875 0.975 0.4609375 0.9703703703125001 0.46458333281249997 0.9638888890624999 0.46770833281249996 0.9472222218749999
2 0.44166666718750003 0.8 0.4447916671875 0.772222221875 0.44427083281249996 0.753703703125 0.440625 0.7490740734375 0.4359375 0.7490740734375 0.4203125 0.7638888890625 0.40989583281249997 0.7888888890625 0.41302083281249996 0.8074074078125 0.41822916718750003 0.815740740625 0.43177083281249995 0.8175925921875 0.43645833281249996 0.8129629625 0.44166666718750003 0.8
2 0.3875 0.7861111109375 0.3890625 0.7768518515625 0.3875 0.7675925921875 0.37447916718749996 0.7425925921875 0.3640625 0.7379629624999999 0.3567708328125 0.7425925921875 0.35104166718749996 0.7574074078125 0.3484375 0.771296296875 0.35 0.7861111109375 0.3572916671875 0.7953703703125 0.36770833281250004 0.7953703703125 0.3875 0.7861111109375
2 0.5791666671875 0.709259259375 0.5885416671875 0.7 0.5947916671875 0.6861111109375 0.5958333328125 0.6574074078125001 0.5942708328124999 0.6481481484375 0.590625 0.646296296875 0.5682291671875 0.6555555562500001 0.5453125 0.6759259265625001 0.5447916671875 0.6861111109375 0.5520833328125 0.7009259265625001 0.5588541671875 0.7074074078125 0.5671875 0.7111111109375 0.5791666671875 0.709259259375
2 0.6583333328125 0.715740740625 0.6703125 0.7268518515625 0.68125 0.728703703125 0.6895833328125 0.7240740734375 0.6979166671875 0.7129629625 0.703125 0.6953703703125 0.7041666671875 0.672222221875 0.6989583328125 0.6509259265625 0.6916666671875 0.6361111109375 0.6828125 0.6268518515625 0.6744791671875 0.625 0.6697916671875 0.63055555625 0.6677083328125 0.6416666671875 0.6520833328125 0.647222221875 0.6489583328124999 0.6629629625 0.6489583328124999 0.6833333328125 0.653125 0.70555555625 0.6583333328125 0.715740740625
2 0.4078125 0.9078125 0.0359375 0.059375
2 0.57109375 0.7484375 0.0546875 0.1015625
2 0.6734375 0.81953125 0.0484375 0.096875
2 0.71953125 0.675 0.0578125 0.0828125