2 0.8171875 0.57109375 0.0671875 0.1046875
2 0.75078125 0.596875 0.0640625 0.090625
2 0.69453125 0.56171875 0.0421875 0.075
2 0.8796875 0.30859375 0.065625 0.0953125
2 0.96328125 0.50078125 0.0515625 0.0890625
2 0.86875 0.6609375 0.05625 0.090625
2 0.2546875 0.28125 0.0484375 0.078125
2 0.28671875 0.22265625 0.046875 0.0796875
2 0.28203125 0.0953125 0.0546875 0.09375
2 0.22265625 0.134375 0.046875 0.0625
2 0.16953125 0.1109375 0.0421875 0.0671875
2 0.09921875 0.23515625 0.0390625 0.0515625
2 0.18125 0.40625 0.0390625 0.059375
2 0.0484375 0.3703125 0.040625 0.06875
2 0.078125 0.04140625 0.04375 0.053125
2 0.39765625 0.084375 0.04375 0.0734375
2 0.36015625 0.115625 0.0546875 0.090625
2 0.43125 0.12265625 0.040625 0.0734375
2 0.5328125 0.159375 0.04375 0.0859375
2 0.63359375 0.1515625 0.0453125 0.075
2 0.68515625 0.1796875 0.0421875 0.0609375
2 0.6859375 0.265625 0.04375 0.059375
2 0.77734375 0.21875 0.0421875 0.053125
2 0.83203125 0.0984375 0.0484375 0.071875
2 0.8484375 0.71875 0.0546875 0.0765625
2 0.7 0.94375 0.034375 0.0609375
2 0.6109375 0.4625 0.0421875 0.0671875
2 0.65 0.4609375 0.040625 0.0703125
2 0.2125 0.25 0.0375 0.0625
2 0.2453125 0.3703125 0.034375 0.071875
2 0.346875 0.32265625 0.0375 0.0625
2 0.12109375 0.4890625 0.046875 0.065625
2 0.09921875 0.4359375 0.05 0.0765625
2 0.9421875 0.9609375 0.065625 0.078125
2 0.890625 0.9765625 0.0546875 0.046875
2 0.97109375 0.03046875 0.0578125 0.0609375
2 0.821875 0.9296875 0.034375 0.0453125
2 0.81171875 0.8703125 0.0359375 0.046875