2 0.35390625 0.2796875 0.04375 0.071875
2 0.0109375 0.0890625 0.021875 0.084375
2 0.0421875 0.11015625 0.0640625 0.0828125
2 0.01171875 0.4328125 0.0234375 0.115625
2 0.040625 0.38984375 0.0546875 0.1
2 0.16640625 0.425 0.0390625 0.0640625
2 0.2703125 0.48671875 0.0296875 0.0515625
2 0.19765625 0.625 0.0328125 0.059375
2 0.065625 0.671875 0.0390625 0.0578125
2 0.08359375 0.39609375 0.034375 0.1
2 0.60859375 0.096875 0.0515625 0.0875
2 0.54921875 0.18125 0.0484375 0.0734375
2 0.5609375 0.246875 0.05 0.075
2 0.484375 0.140625 0.04375 0.075
2 0.44375 0.17734375 0.040625 0.059375
2 0.4421875 0.296875 0.0421875 0.0671875
2 0.409375 0.3953125 0.0375 0.059375
2 0.3890625 0.34140625 0.0359375 0.0640625
2 0.390625 0.48203125 0.034375 0.0484375
2 0.3265625 0.4453125 0.028125 0.0453125
2 0.33671875 0.54375 0.0296875 0.0578125
2 0.3484375 0.503125 0.0234375 0.046875
2 0.496875 0.365625 0.0390625 0.06875
2 0.5265625 0.3359375 0.0390625 0.0828125
2 0.4609375 0.21953125 0.0421875 0.0640625
2 0.40703125 0.09921875 0.0375 0.0640625
2 0.2828125 0.1015625 0.034375 0.059375
2 0.2234375 0.25703125 0.0359375 0.0515625
2 0.28515625 0.63125 0.040625 0.046875
2 0.1578125 0.57578125 0.0390625 0.05
2 0.1515625 0.77109375 0.021875 0.04375
2 0.37734375 0.7390625 0.0234375 0.0359375
2 0.36171875 0.65546875 0.0234375 0.04375
2 0.3546875 0.75859375 0.0265625 0.04375
2 0.384375 0.90390625 0.025 0.0484375
2 0.3921875 0.7765625 0.0234375 0.0515625
2 0.159375 0.9375 0.03125 0.0453125
2 0.51953125 0.56875 0.025 0.0546875
2 0.45859375 0.54140625 0.03125 0.046875
2 0.37734375 0.5421875 0.0296875 0.04375
2 0.059375 0.21171875 0.0296875 0.053125
2 0.028125 0.19453125 0.0296875 0.059375
2 0.00546875 0.15703125 0.0109375 0.0640625
2 0.49375 0.08125 0.0390625 0.0703125
2 0.6359375 0.02578125 0.0515625 0.0515625
2 0.6515625 0.1078125 0.0390625 0.1046875
2 0.509375 0.6515625 0.0265625 0.0515625
2 0.53359375 0.596875 0.0203125 0.03125
2 0.4 0.86953125 0.025 0.0390625
2 0.21171875 0.6609375 0.0296875 0.04375
2 0.2234375 0.6921875 0.03125 0.046875
2 0.18515625 0.66328125 0.025 0.046875
2 0.121875 0.59453125 0.0296875 0.0515625
2 0.27734375 0.225 0.0296875 0.05
2 0.209375 0.04609375 0.0234375 0.0390625
2 0.515625 0.065625 0.040625 0.0640625