2 0.56015625 0.62265625 0.0546875 0.0671875
2 0.58671875 0.6890625 0.0421875 0.05625
2 0.47265625 0.70234375 0.04375 0.0703125
2 0.475 0.7609375 0.05 0.0625
2 0.534375 0.79453125 0.046875 0.065625
2 0.52421875 0.928125 0.0390625 0.05625
2 0.59375 0.8421875 0.0390625 0.0578125
2 0.5796875 0.921875 0.0390625 0.053125
2 0.63125 0.759375 0.0375 0.071875
2 0.6296875 0.5390625 0.0390625 0.0578125
2 0.4515625 0.453125 0.025 0.0515625
2 0.42421875 0.44765625 0.03125 0.0515625
2 0.79609375 0.54765625 0.0515625 0.0796875
2 0.7546875 0.6046875 0.03125 0.0515625
2 0.7234375 0.88359375 0.0359375 0.0765625
2 0.746875 0.92890625 0.05 0.0609375
2 0.76484375 0.875 0.04375 0.0703125
2 0.79140625 0.72578125 0.0390625 0.059375
2 0.84609375 0.62109375 0.034375 0.0546875
2 0.81953125 0.85625 0.0359375 0.078125
2 0.85390625 0.84921875 0.04375 0.0734375
2 0.82734375 0.93046875 0.03125 0.0546875
2 0.83515625 0.67890625 0.0359375 0.0609375
2 0.78828125 0.66328125 0.0390625 0.05625
2 0.75234375 0.70625 0.0390625 0.065625
2 0.434375 0.4921875 0.034375 0.046875
2 0.034375 0.6828125 0.0203125 0.028125
2 0.0421875 0.7703125 0.01875 0.0390625
2 0.515625 0.08203125 0.03125 0.0578125
2 0.53203125 0.0296875 0.034375 0.05625
2 0.028125 0.25859375 0.0125 0.021875
2 0.07109375 0.05546875 0.021875 0.0328125
2 0.015625 0.46484375 0.0140625 0.0296875
2 0.00625 0.56640625 0.0125 0.025
2 0.08671875 0.071875 0.0203125 0.0390625
2 0.18203125 0.103125 0.0171875 0.025
2 0.721875 0.4109375 0.0390625 0.0671875
2 0.95 0.6609375 0.0453125 0.0703125
2 0.9453125 0.85546875 0.0359375 0.0625
2 0.97578125 0.3015625 0.0421875 0.059375
2 0.9234375 0.09921875 0.034375 0.059375
2 0.8875 0.84453125 0.0390625 0.0484375
2 0.90078125 0.92578125 0.0265625 0.034375
2 0.9734375 0.9453125 0.0203125 0.0421875
2 0.9828125 0.48828125 0.034375 0.084375
2 0.01484375 0.4984375 0.01875 0.025
2 0.65625 0.77109375 0.028125 0.0609375