2 0.73046875 0.42421875 0.0390625 0.0515625
2 0.7859375 0.5 0.034375 0.0546875
2 0.89453125 0.37890625 0.0375 0.059375
2 0.95859375 0.31171875 0.040625 0.0703125
2 0.8875 0.5171875 0.0375 0.0578125
2 0.728125 0.3046875 0.0390625 0.059375
2 0.76953125 0.346875 0.0328125 0.0453125
2 0.7234375 0.52890625 0.0390625 0.0671875
2 0.7109375 0.56484375 0.0359375 0.053125
2 0.696875 0.53671875 0.03125 0.059375
2 0.63671875 0.46640625 0.03125 0.0484375
2 0.65234375 0.47265625 0.0234375 0.0375
2 0.615625 0.52734375 0.028125 0.0484375
2 0.609375 0.57890625 0.025 0.040625
2 0.57578125 0.5890625 0.025 0.04375
2 0.57265625 0.5 0.0421875 0.05
2 0.534375 0.4828125 0.034375 0.0515625
2 0.5328125 0.440625 0.0328125 0.04375
2 0.58359375 0.3875 0.028125 0.053125
2 0.6046875 0.42734375 0.034375 0.0484375
2 0.6328125 0.32890625 0.0296875 0.040625
2 0.76953125 0.5125 0.0390625 0.0625
2 0.82109375 0.5953125 0.025 0.0421875
2 0.8359375 0.66015625 0.0359375 0.0484375
2 0.83125 0.69609375 0.0359375 0.0546875
2 0.634375 0.7171875 0.0328125 0.0578125
2 0.58046875 0.7671875 0.034375 0.0546875
2 0.62265625 0.85703125 0.0359375 0.059375
2 0.653125 0.90703125 0.03125 0.0484375
2 0.7453125 0.83828125 0.0421875 0.0421875
2 0.8203125 0.87265625 0.03125 0.046875
2 0.81953125 0.89921875 0.034375 0.0484375
2 0.86328125 0.728125 0.025 0.053125
2 0.95859375 0.54921875 0.0296875 0.0375
2 0.96953125 0.57265625 0.0265625 0.0421875
2 0.98671875 0.60234375 0.0265625 0.0515625
2 0.9203125 0.2296875 0.040625 0.0515625
2 0.95 0.16328125 0.0390625 0.053125
2 0.93515625 0.12734375 0.034375 0.0515625
2 0.91796875 0.0953125 0.0421875 0.0515625
2 0.8921875 0.0875 0.0390625 0.0453125
2 0.8671875 0.11328125 0.0359375 0.0546875
2 0.87109375 0.05546875 0.0390625 0.05
2 0.865625 0.028125 0.03125 0.046875
2 0.91328125 0.03125 0.053125 0.0578125
2 0.6 0.89765625 0.028125 0.0453125
2 0.7171875 0.9578125 0.0328125 0.0546875
2 0.88203125 0.92109375 0.028125 0.0421875
2 0.83984375 0.81875 0.028125 0.0546875
2 0.5046875 0.965625 0.0359375 0.05625
2 0.58984375 0.98046875 0.0328125 0.0390625
2 0.1484375 0.13359375 0.0203125 0.0296875
2 0.1359375 0.1734375 0.021875 0.025
2 0.13125 0.30546875 0.0234375 0.03125
2 0.1359375 0.34140625 0.021875 0.0203125
2 0.15703125 0.38203125 0.0140625 0.0234375
2 0.1453125 0.38359375 0.0125 0.025
2 0.10625 0.559375 0.0203125 0.0390625
2 0.1171875 0.63515625 0.0234375 0.025
2 0.13046875 0.63359375 0.0234375 0.025
2 0.13828125 0.6125 0.0125 0.0203125
2 0.08359375 0.5296875 0.01875 0.0359375
2 0.0828125 0.11640625 0.021875 0.04375
2 0.2609375 0.0171875 0.021875 0.034375
2 0.19609375 0.05078125 0.0203125 0.0265625