2 0.1421875 0.04765625 0.096875 0.0953125
2 0.078125 0.109375 0.0578125 0.103125
2 0.053125 0.1546875 0.0796875 0.08125
2 0.04453125 0.259375 0.0734375 0.0875
2 0.29609375 0.5359375 0.0453125 0.09375
2 0.2984375 0.734375 0.0703125 0.096875
2 0.34609375 0.74609375 0.059375 0.0796875
2 0.3828125 0.7453125 0.059375 0.0859375
2 0.40234375 0.55859375 0.040625 0.084375
2 0.2421875 0.52734375 0.0359375 0.078125
2 0.45859375 0.79765625 0.05 0.08125
2 0.41171875 0.8859375 0.046875 0.0765625
2 0.47734375 0.740625 0.0328125 0.059375
2 0.86875 0.58125 0.03125 0.0515625
2 0.871875 0.49609375 0.0296875 0.046875