2 0.25078125 0.725 0.0515625 0.0640625
2 0.2796875 0.6296875 0.040625 0.0546875
2 0.40703125 0.8046875 0.046875 0.08125
2 0.36953125 0.81953125 0.0359375 0.05
2 0.39140625 0.46796875 0.0375 0.059375
2 0.28125 0.41015625 0.0359375 0.05625
2 0.3328125 0.38671875 0.03125 0.040625
2 0.4078125 0.271875 0.0453125 0.0796875
2 0.440625 0.3046875 0.040625 0.0625
2 0.284375 0.225 0.0390625 0.075
2 0.49765625 0.2109375 0.0421875 0.065625
2 0.53984375 0.28671875 0.046875 0.078125
2 0.5765625 0.71484375 0.04375 0.06875
2 0.74140625 0.69375 0.03125 0.071875
2 0.28515625 0.4828125 0.0359375 0.0515625
2 0.971875 0.33046875 0.0390625 0.0453125
2 0.96015625 0.41484375 0.034375 0.0546875
2 0.98828125 0.4671875 0.0234375 0.0671875
2 0.9671875 0.484375 0.0328125 0.0609375
2 0.7546875 0.8140625 0.065625 0.0859375
2 0.5265625 0.321875 0.0390625 0.0703125