2 0.38125 0.0625 0.090625 0.125
2 0.409375 0.3265625 0.0640625 0.1234375
2 0.428125 0.49140625 0.0640625 0.115625
2 0.50390625 0.45859375 0.059375 0.096875
2 0.4953125 0.55 0.0578125 0.0765625
2 0.41015625 0.6171875 0.05625 0.0984375
2 0.18515625 0.0859375 0.0734375 0.1015625
2 0.23125 0.215625 0.059375 0.115625
2 0.228125 0.3453125 0.065625 0.1015625
2 0.08671875 0.28671875 0.0640625 0.1
2 0.025 0.48203125 0.05 0.14375
2 0.14453125 0.60703125 0.0515625 0.10625
2 0.253125 0.60625 0.053125 0.0859375
2 0.34921875 0.6546875 0.059375 0.1
2 0.3875 0.209375 0.0546875 0.0734375
2 0.31328125 0.1078125 0.06875 0.0984375
2 0.1671875 0.453125 0.0484375 0.08125
2 0.12265625 0.37578125 0.065625 0.0859375
2 0.04453125 0.77109375 0.0625 0.09375
2 0.0328125 0.89765625 0.0453125 0.0625
2 0.13359375 0.80859375 0.0453125 0.0796875
2 0.4421875 0.8328125 0.040625 0.0671875
2 0.3640625 0.9109375 0.0640625 0.08125
2 0.275 0.56171875 0.0453125 0.09375