2 0.0984375 0.6984375 0.046875 0.0765625
2 0.059375 0.6109375 0.0296875 0.059375
2 0.09375 0.784375 0.0421875 0.05
2 0.1109375 0.83671875 0.04375 0.0453125
2 0.140625 0.92109375 0.0375 0.06875
2 0.12890625 0.88203125 0.034375 0.05
2 0.103125 0.92578125 0.0375 0.05
2 0.24140625 0.79765625 0.03125 0.0484375
2 0.15390625 0.71640625 0.0390625 0.0671875
2 0.340625 0.765625 0.028125 0.0453125
2 0.41328125 0.80390625 0.0265625 0.046875
2 0.38515625 0.7484375 0.025 0.0515625
2 0.49453125 0.8046875 0.028125 0.0453125
2 0.5484375 0.8359375 0.0234375 0.0375
2 0.58046875 0.78828125 0.028125 0.0515625
2 0.53203125 0.73828125 0.028125 0.0453125
2 0.403125 0.85625 0.028125 0.05
2 0.4734375 0.925 0.034375 0.053125
2 0.4015625 0.89453125 0.025 0.0390625
2 0.28046875 0.865625 0.0296875 0.05
2 0.25859375 0.76796875 0.028125 0.0484375
2 0.31640625 0.7984375 0.0265625 0.0453125
2 0.39375 0.9296875 0.03125 0.0484375
2 0.4125 0.365625 0.0265625 0.040625
2 0.49296875 0.340625 0.0265625 0.03125
2 0.478125 0.3265625 0.0234375 0.040625
2 0.353125 0.3859375 0.0265625 0.03125
2 0.3515625 0.15625 0.0203125 0.0390625