2 0.34437967187499996 0.23081179999999998 0.3448809515625 0.2798258890625 0.35991936562500004 0.30566968125 0.383980828125 0.3145813328125 0.3980166796875 0.292302203125 0.40503460625 0.23883228750000002 0.3945077171875 0.2129884953125 0.375960340625 0.20318567656250003 0.356410403125 0.20942383437499998 0.34437967187499996 0.23081179999999998
2 0.1824660859375 0.276261228125 0.1764507203125 0.3145813328125 0.19349425468749998 0.3404251265625 0.22457364375000002 0.3475544484375 0.2451261421875 0.3315134734375 0.245627421875 0.2718054015625 0.22758132656250002 0.25309093125 0.2055249859375 0.24150578281250001 0.18848145 0.253982096875 0.1824660859375 0.276261228125
2 0.26317223749999996 0.39478620625 0.26617992031250004 0.37072474375 0.26116711718749996 0.3484456125 0.25064022656249996 0.33686046406250003 0.238108215625 0.3359693 0.22156596093749997 0.3448809515625 0.21254291250000001 0.3600307609375 0.21103907031250002 0.38587455312499996 0.218056996875 0.4126095109375 0.23259413125 0.42330349375000004 0.2516427875 0.4206299984375 0.26317223749999996 0.39478620625
2 0.2591619953125 0.4500384515625 0.254149190625 0.47142641718749995 0.2561543125 0.491032053125 0.2646760796875 0.5043995328124999 0.281218334375 0.5052906968750001 0.2982618703125 0.500834871875 0.2982618703125 0.4723175828125 0.29425162656250003 0.4446914609375 0.28171961562500003 0.4348886421875 0.265678640625 0.4357798078125 0.2591619953125 0.4500384515625
2 0.371448815625 0.5543047859375 0.3619244875 0.5543047859375 0.35089631718750003 0.5676722640625 0.34638479375000003 0.5926248921874999 0.34989375625 0.6113393625 0.3589168046875 0.6264891718750001 0.3704462546875 0.6354008234374999 0.383980828125 0.6362919890625001 0.3930038765625 0.6202510140624999 0.399520521875 0.589951396875 0.395008996875 0.5712369265625 0.3884923515625 0.559651778125 0.371448815625 0.5543047859375
2 0.3293412578125 0.60510120625 0.324328453125 0.6157951890625 0.320318209375 0.6291626671875 0.32081949062500004 0.6558976249999999 0.3273361359375 0.6710474343749999 0.3388655875 0.6728297640625 0.3529014390625 0.669265103125 0.36142320781250004 0.6585711203125 0.3629270484375 0.6416389812500001 0.35841552499999996 0.618468684375 0.3529014390625 0.605992371875 0.3433771109375 0.5935160578125 0.3293412578125 0.60510120625
2 0.1228137109375 0.648768303125 0.1102817 0.6354008234374999 0.094240725 0.6238156765625 0.08371383593750001 0.6291626671875 0.07669590937500001 0.6434213109375 0.0701792640625 0.6674827734375001 0.069176703125 0.6826325828125 0.07669590937500001 0.7022382171875 0.080706153125 0.7147145312500001 0.08220999375 0.7280820109375 0.092235603125 0.73877599375 0.1092791390625 0.7343201671874999 0.12682395468750002 0.7031293828125 0.1273252359375 0.664809278125 0.1228137109375 0.648768303125
2 0.12983163749999999 0.7334290015625 0.1167983453125 0.7503611421875 0.1092791390625 0.7664021156249999 0.108276578125 0.7788784296875 0.1127881015625 0.8011575609375001 0.12532011406250002 0.8100692125 0.149381575 0.8189808656249999 0.162916146875 0.7975928999999999 0.1664251109375 0.77976959375 0.1619135859375 0.7574904640625 0.14637389218750002 0.7343201671874999 0.12983163749999999 0.7334290015625
2 0.2035198640625 0.8243278578125001 0.2055249859375 0.8573009718750001 0.2155505953125 0.865321459375 0.23610309375 0.8679949546874999 0.2516427875 0.8555186421875 0.25966327499999997 0.8180897015624999 0.2516427875 0.79581056875 0.230589009375 0.790463578125 0.21354547343750002 0.7940282390625 0.20753010781249998 0.80383105625 0.2035198640625 0.8243278578125001
2 0.0972484078125 0.877797771875 0.0937394453125 0.8911652515625 0.0912330421875 0.9116620515625 0.09574456718749999 0.930376521875 0.1067727359375 0.9464174968749999 0.1333406 0.9428528359374999 0.14537133124999999 0.9205737046875001 0.1403585265625 0.8822535984375 0.11930474843750001 0.8679949546874999 0.1087778578125 0.865321459375 0.0972484078125 0.877797771875
2 0.0601536546875 0.9954315859375 0.1032637734375 0.9989962468750001 0.10577017500000001 0.978499446875 0.1022612125 0.9517644875 0.09023048125000001 0.9464174968749999 0.0781997515625 0.9508733234375001 0.065166459375 0.962458471875 0.060654934375000004 0.978499446875 0.0601536546875 0.9954315859375
2 0.0795030796875 0.7164968625 0.074490275 0.6915442359374999 0.06346210468749999 0.6737209296875 0.0406037171875 0.664809278125 0.03940064375 0.664809278125 0.017344303125 0.6808502515625 0.01183021875 0.705802878125 0.0128327796875 0.7352113328125001 0.0283724734375 0.7574904640625 0.048924971875 0.75927279375 0.06697106875 0.75927279375 0.0820094828125 0.74323181875 0.0795030796875 0.7164968625
2 0.057446740625000006 0.75927279375 0.043912167187500004 0.758381628125 0.0363929609375 0.7565992984375 0.03138015625 0.7708579421875 0.029375034374999998 0.79937523125 0.036894240625000005 0.8198720312500001 0.052433935937499995 0.82789251875 0.0674723484375 0.820763196875 0.085017165625 0.79937523125 0.0930376515625 0.76729328125 0.0860197265625 0.74679648125 0.0790018 0.7396671578125 0.06797362968750001 0.7494699765624999 0.057446740625000006 0.75927279375
2 0.32713562343749997 0.328839978125 0.321120259375 0.35735726562500003 0.32813818437500003 0.38498338906249996 0.340670196875 0.4063713546875 0.367739340625 0.40369785937499997 0.376261109375 0.37428940625 0.37124830468750003 0.33775163125 0.359718853125 0.3119078375 0.3511970859375 0.319928325 0.338665075 0.3163636640625 0.32713562343749997 0.328839978125
2 0.0579480203125 0.026734957812499998 0.0519326546875 0.0605992375 0.0519326546875 0.0837695328125 0.0674723484375 0.1140691515625 0.0935389328125 0.1167426484375 0.1090786265625 0.0935723515625 0.11158502968749999 0.057034576562499995 0.10607094375 0.0276261234375 0.08301204375 0.0178233046875 0.0709813125 0.0178233046875 0.0579480203125 0.026734957812499998
2 0.3316471484375 0.07485788125000001 0.3176112953125 0.089116525 0.3136010515625 0.1140691515625 0.31510489375 0.1390217796875 0.32412794218749996 0.156845084375 0.34317659843750004 0.1684302328125 0.3552073296875 0.1684302328125 0.3732534265625 0.15328042343749998 0.376261109375 0.12476313593749999 0.3662355 0.08287836875 0.34618428125 0.0730755515625 0.3316471484375 0.07485788125000001
2 0.320618978125 0.17645071875 0.31109465 0.191600528125 0.3141023328125 0.217444321875 0.3236266609375 0.23259413125 0.33816379375 0.24061461718750002 0.348189403125 0.23883228750000002 0.35570860937500004 0.21833548593750002 0.3612226953125 0.194274025 0.356209890625 0.1737772234375 0.34267531875 0.1693213984375 0.320618978125 0.17645071875
2 0.426890434375 0.5623252734374999 0.411350740625 0.56499876875 0.40483409375 0.57301925625 0.3983174484375 0.589951396875 0.3983174484375 0.618468684375 0.40383153437499997 0.6371831546875 0.41636354531249997 0.6558976249999999 0.4303993984375 0.6594622859375 0.4419288484375 0.64965946875 0.44644037187499996 0.618468684375 0.45295701875 0.60510120625 0.4479442140625 0.58103974375 0.426890434375 0.5623252734374999
2 0.2639742875 0.6149040234375 0.24542691093750002 0.6068835359375 0.233897459375 0.6229245109375 0.230388496875 0.6469859718750001 0.23239361875000003 0.6683739390625 0.24442434999999998 0.679067921875 0.2559538 0.679067921875 0.2704909328125 0.669265103125 0.27600501718750003 0.6460948078125 0.273498615625 0.6273803375 0.2639742875 0.6149040234375
2 0.190787340625 0.705802878125 0.1652220375 0.6986735578125 0.1526900265625 0.71025870625 0.1446695390625 0.7352113328125001 0.15720155 0.7476876453125 0.1642194765625 0.768184446875 0.16121179375 0.788681246875 0.17324252499999998 0.788681246875 0.18527325625 0.776204934375 0.1942963046875 0.7494699765624999 0.1973039859375 0.7209526875 0.190787340625 0.705802878125
2 0.5592284750000001 0.118524978125 0.5416836578125 0.0935723515625 0.525642684375 0.1007016734375 0.5161183546875 0.11139565625 0.5045889046875 0.1238719703125 0.50358634375 0.1301101265625 0.497570978125 0.1541715890625 0.497570978125 0.1826888765625 0.501581221875 0.217444321875 0.5221337203124999 0.22992063593749998 0.552711828125 0.239723453125 0.5752694484374999 0.2281383046875 0.580783534375 0.1951651890625 0.5837912171874999 0.16040974531250002 0.570757925 0.13991294375000002 0.5592284750000001 0.118524978125
2 0.4390449796875 0.6632363031249999 0.44297203593749995 0.6911620421875 0.466534378125 0.6939546171875 0.490096721875 0.68836946875 0.4955946015625 0.649273434375 0.486955075 0.6031959640625 0.46967602499999994 0.5962145296875 0.45553861875 0.5976108171875001 0.44375744843750003 0.62274398125 0.4390449796875 0.6632363031249999
2 0.5599983374999999 0.09774008749999999 0.5607837484375 0.135439834375 0.5851315015624999 0.14521384375 0.60869384375 0.14381755624999998 0.6165479578124999 0.0684180609375 0.61811878125 0.0279257390625 0.60005431875 0.008377721874999999 0.5772773875 0.0027925734375000002 0.5647108046875 0.0349071734375 0.5599983374999999 0.09774008749999999
2 0.5442901078125 0.309975703125 0.5607837484375 0.2890314 0.5560712796875 0.25831308750000004 0.5411484625 0.24295393125000003 0.525440234375 0.245746503125 0.5128736515625001 0.262501946875 0.523084 0.3015979828125 0.5442901078125 0.309975703125
2 0.385637003125 0.49707815625 0.40684311093750003 0.4914930078125 0.40841393437500007 0.4761338515625 0.40291605468749997 0.4537932609375 0.39427652812499997 0.44681182656249996 0.372285009375 0.45798212187500004 0.37307042031250004 0.4803227125 0.385637003125 0.49707815625
2 0.49323836718749997 0.520815034375 0.503448715625 0.5389667640625 0.520727765625 0.5403630515625 0.53643599375 0.5236076078125 0.5387922281249999 0.4984744421875 0.5270110578125 0.4677561296875 0.5097320062499999 0.46635984218750004 0.4955946015625 0.4803227125 0.49480918906250004 0.48590786093749994 0.49323836718749997 0.520815034375
2 0.1594385171875 0.7009360515624999 0.164936396875 0.6799917468750001 0.1500135796875 0.6520660078125 0.13823240781249999 0.65346229375 0.13509076250000002 0.664632590625 0.133519940625 0.6939546171875 0.1445157 0.7065211984374999 0.1594385171875 0.7009360515624999
2 0.18535709375 0.42726380781250006 0.1884987390625 0.4426229640625 0.1955674421875 0.44960439843750005 0.214417315625 0.46635984218750004 0.22698389843750003 0.45658583437500005 0.2316963671875 0.438434103125 0.223842253125 0.4188860859375 0.2104902578125 0.407715790625 0.1947820296875 0.41190465156249995 0.18535709375 0.42726380781250006
2 0.25682953125 0.184309878125 0.255258709375 0.2052541828125 0.2560441203125 0.230387346875 0.2678252921875 0.24155764375 0.2811772859375 0.23876506874999998 0.290602221875 0.231783634375 0.29531469062500004 0.20106532187499998 0.29374386874999997 0.1884987390625 0.2803918734375 0.17593215625 0.272537759375 0.17453586875 0.25682953125 0.184309878125
2 0.49480918906250004 0.1703470078125 0.4955946015625 0.1410249828125 0.4751739046875 0.13823240781249999 0.45396779687500005 0.120080678125 0.4461136828125 0.1228732515625 0.4390449796875 0.15359156406250002 0.43983039062499996 0.17732844375 0.449255328125 0.199669034375 0.4633927328125 0.2122356171875 0.486955075 0.20944304374999997 0.49480918906250004 0.184309878125 0.49480918906250004 0.1703470078125
2 0.40527228906249996 0.3169571390625 0.40213064374999996 0.3183534265625 0.3864224140625 0.3379014421875 0.39427652812499997 0.36861975625 0.4044868765625 0.3797900515625 0.42726380781250006 0.3644308953125 0.435903334375 0.3518643125 0.4335471 0.3379014421875 0.42176592812499997 0.3183534265625 0.40527228906249996 0.3169571390625
2 0.277250228125 0.800072425 0.2898168109375 0.800072425 0.30238339375 0.7735429734375 0.29374386874999997 0.7428246609375 0.278035640625 0.7260692171875001 0.26625446875000003 0.735843225 0.2607565890625 0.7484098078125 0.261542 0.7749392609375 0.277250228125 0.800072425
2 0.1375 0.48203125 0.0953125 0.1265625