2 0.0859375 0.6640625 0.0546875 0.0765625
2 0.13125 0.65078125 0.0515625 0.0828125
2 0.14375 0.1828125 0.0515625 0.1
2 0.05625 0.3328125 0.05 0.0828125
2 0.0171875 0.33203125 0.0328125 0.08125
2 0.109375 0.34921875 0.040625 0.0671875
2 0.09921875 0.41796875 0.0453125 0.0875
2 0.07109375 0.425 0.03125 0.0703125
2 0.16328125 0.33515625 0.0484375 0.0703125
2 0.2828125 0.55703125 0.0484375 0.0671875
2 0.16953125 0.65390625 0.0453125 0.109375
2 0.24765625 0.7921875 0.0421875 0.059375
2 0.27578125 0.73359375 0.0421875 0.0515625
2 0.31953125 0.878125 0.05 0.065625
2 0.08203125 0.85078125 0.053125 0.0796875
2 0.74140625 0.278125 0.046875 0.0625
2 0.75859375 0.23046875 0.0375 0.0640625
2 0.7609375 0.32734375 0.0390625 0.06875
2 0.81328125 0.40703125 0.0328125 0.0703125
2 0.52265625 0.33515625 0.034375 0.046875
2 0.63125 0.3125 0.028125 0.0484375
2 0.63828125 0.175 0.0265625 0.0453125
2 0.5828125 0.4703125 0.034375 0.053125
2 0.53046875 0.6703125 0.0359375 0.0515625
2 0.40078125 0.8140625 0.0453125 0.0828125
2 0.18046875 0.20234375 0.04375 0.09375
2 0.27734375 0.28125 0.040625 0.0859375
2 0.30703125 0.4765625 0.0390625 0.071875
2 0.70390625 0.38671875 0.0359375 0.0734375
2 0.67578125 0.3578125 0.0296875 0.0546875
2 0.61484375 0.40390625 0.025 0.0453125