2 0.30234375 0.06171875 0.0390625 0.0640625
2 0.31328125 0.25078125 0.028125 0.0484375
2 0.321875 0.4078125 0.025 0.0453125
2 0.34140625 0.425 0.0234375 0.0421875
2 0.3578125 0.36484375 0.0296875 0.046875
2 0.14140625 0.20625 0.028125 0.0484375
2 0.0765625 0.40390625 0.028125 0.046875
2 0.046875 0.253125 0.03125 0.0390625
2 0.04453125 0.2859375 0.0265625 0.0390625
2 0.03203125 0.33203125 0.0234375 0.0453125
2 0.29453125 0.57265625 0.0296875 0.0484375
2 0.3734375 0.55078125 0.028125 0.0484375
2 0.375 0.68984375 0.03125 0.0515625
2 0.3734375 0.73515625 0.03125 0.04375
2 0.3453125 0.7734375 0.03125 0.05
2 0.33515625 0.8109375 0.028125 0.0453125
2 0.1734375 0.45703125 0.0203125 0.0328125
2 0.0640625 0.22109375 0.028125 0.0359375
2 0.659375 0.50859375 0.034375 0.059375
2 0.1921875 0.725 0.0234375 0.0359375
2 0.20546875 0.746875 0.025 0.04375
2 0.43359375 0.9125 0.025 0.0421875
2 0.46875 0.83671875 0.0203125 0.0375
2 0.39765625 0.88984375 0.025 0.0453125
2 0.39453125 0.846875 0.021875 0.0453125
2 0.4671875 0.73359375 0.0265625 0.0359375