2 0.80625 0.38828125 0.0203125 0.0453125
2 0.82578125 0.38515625 0.0234375 0.05
2 0.76015625 0.2609375 0.025 0.04375
2 0.69375 0.4953125 0.0234375 0.046875
2 0.8375 0.6484375 0.0296875 0.05
2 0.82265625 0.6765625 0.0390625 0.04375
2 0.67734375 0.6109375 0.028125 0.0546875
2 0.546875 0.62265625 0.0265625 0.046875
2 0.54921875 0.66171875 0.03125 0.04375
2 0.5359375 0.34609375 0.0265625 0.0484375
2 0.54609375 0.421875 0.028125 0.0453125
2 0.5296875 0.49140625 0.028125 0.05
2 0.6578125 0.1921875 0.028125 0.059375
2 0.62734375 0.15703125 0.0265625 0.0453125
2 0.590625 0.21796875 0.0265625 0.040625
2 0.6296875 0.23359375 0.0265625 0.04375
2 0.734375 0.09609375 0.028125 0.0390625
2 0.7640625 0.1109375 0.025 0.0328125
2 0.7484375 0.1859375 0.0234375 0.0359375
2 0.58671875 0.7703125 0.0234375 0.0515625
2 0.58984375 0.84609375 0.028125 0.0453125
2 0.56953125 0.83828125 0.0203125 0.0375
2 0.57265625 0.9125 0.0203125 0.0453125
2 0.54375 0.746875 0.028125 0.0390625
2 0.01640625 0.528125 0.0296875 0.0515625
2 0.0203125 0.48671875 0.0296875 0.0359375
2 0.0796875 0.7984375 0.0265625 0.04375
2 0.0328125 0.89140625 0.0234375 0.0359375
2 0.03828125 0.953125 0.028125 0.04375
2 0.11796875 0.96640625 0.0265625 0.04375
2 0.1296875 0.82421875 0.0296875 0.0421875
2 0.115625 0.653125 0.034375 0.04375
2 0.0890625 0.51875 0.021875 0.04375
2 0.16171875 0.3796875 0.0234375 0.0421875
2 0.17265625 0.43125 0.025 0.04375
2 0.02734375 0.3453125 0.0296875 0.05
2 0.115625 0.86953125 0.03125 0.053125
2 0.16484375 0.9578125 0.025 0.05
2 0.1984375 0.878125 0.0234375 0.04375
2 0.1890625 0.946875 0.025 0.04375
2 0.4140625 0.5390625 0.03125 0.0421875
2 0.40390625 0.5046875 0.0265625 0.0390625
2 0.45859375 0.52421875 0.0265625 0.04375
2 0.67890625 0.68125 0.0265625 0.0453125
2 0.81171875 0.23984375 0.021875 0.0390625
2 0.82734375 0.096875 0.0265625 0.0359375
2 0.8734375 0.53984375 0.0234375 0.0359375
2 0.78359375 0.6515625 0.01875 0.034375
2 0.65390625 0.50703125 0.025 0.0390625
2 0.6890625 0.41328125 0.0203125 0.03125
2 0.71953125 0.39296875 0.028125 0.0375