2 0.98671875 0.15390625 0.0265625 0.0640625
2 0.878125 0.215625 0.034375 0.0453125
2 0.63203125 0.2375 0.03125 0.0390625
2 0.703125 0.37890625 0.0296875 0.04375
2 0.71484375 0.34609375 0.025 0.0390625
2 0.9125 0.39296875 0.03125 0.046875
2 0.87265625 0.3734375 0.03125 0.040625
2 0.725 0.47109375 0.0203125 0.0375
2 0.6421875 0.4203125 0.0265625 0.0359375
2 0.6359375 0.4765625 0.025 0.0375
2 0.65625 0.5125 0.021875 0.0390625
2 0.63359375 0.56875 0.0203125 0.0421875
2 0.66796875 0.31953125 0.028125 0.040625
2 0.79921875 0.30546875 0.0234375 0.034375
2 0.7296875 0.59375 0.0234375 0.0265625
2 0.84609375 0.61796875 0.028125 0.0359375
2 0.85625 0.5953125 0.0234375 0.0359375
2 0.97421875 0.56015625 0.025 0.0359375
2 0.940625 0.71484375 0.028125 0.0484375
2 0.91015625 0.80546875 0.0296875 0.046875
2 0.97109375 0.4546875 0.0265625 0.046875