2 0.3875 0.43828125 0.0265625 0.0515625
2 0.24140625 0.20703125 0.021875 0.0328125
2 0.22421875 0.228125 0.0265625 0.034375
2 0.21328125 0.3671875 0.025 0.0421875
2 0.22578125 0.84140625 0.028125 0.0390625
2 0.2140625 0.94765625 0.0328125 0.053125
2 0.190625 0.971875 0.034375 0.0484375
2 0.37421875 0.834375 0.028125 0.0484375
2 0.384375 0.89296875 0.028125 0.0453125
2 0.38359375 0.9515625 0.0234375 0.046875
2 0.01796875 0.690625 0.0359375 0.0578125
2 0.01171875 0.5578125 0.0234375 0.046875
2 0.084375 0.46484375 0.028125 0.040625
2 0.34453125 0.81171875 0.025 0.04375
2 0.6265625 0.88828125 0.0234375 0.034375
2 0.6234375 0.9171875 0.025 0.0328125
2 0.60859375 0.89375 0.01875 0.034375
2 0.23671875 0.92421875 0.0296875 0.0515625
2 0.15390625 0.909375 0.0296875 0.0375
2 0.04296875 0.978125 0.0328125 0.04375
2 0.290625 0.734375 0.0296875 0.0453125
2 0.3109375 0.77734375 0.034375 0.053125
2 0.15546875 0.8 0.03125 0.053125
2 0.1234375 0.4140625 0.021875 0.0296875
2 0.11640625 0.45 0.021875 0.0390625
2 0.10703125 0.590625 0.0234375 0.040625
2 0.3328125 0.8625 0.0234375 0.046875
2 0.25 0.840625 0.0203125 0.0390625
2 0.271875 0.77734375 0.03125 0.03125
2 0.15078125 0.95078125 0.0296875 0.0421875
2 0.07421875 0.96484375 0.025 0.046875