2 0.88046875 0.18828125 0.025 0.040625
2 0.38203125 0.6515625 0.0296875 0.0515625
2 0.69296875 0.9234375 0.040625 0.06875
2 0.8546875 0.08515625 0.025 0.034375
2 0.8234375 0.18828125 0.0265625 0.040625
2 0.821875 0.23046875 0.0234375 0.0296875
2 0.94609375 0.06171875 0.0296875 0.0546875
2 0.9640625 0.11953125 0.0234375 0.0375
2 0.6984375 0.0375 0.0203125 0.028125
2 0.86484375 0.25625 0.01875 0.0328125
2 0.846875 0.24921875 0.0203125 0.03125
2 0.69296875 0.07890625 0.0203125 0.0296875
2 0.65546875 0.034375 0.0140625 0.0265625
2 0.76328125 0.03515625 0.0265625 0.0421875
2 0.9046875 0.22421875 0.0265625 0.034375
2 0.925 0.11796875 0.021875 0.0375