2 0.2234375 0.165625 0.04375 0.075
2 0.109375 0.1921875 0.0390625 0.059375
2 0.1625 0.36640625 0.05625 0.0734375
2 0.203125 0.40078125 0.0453125 0.075
2 0.13125 0.503125 0.0328125 0.0546875
2 0.1859375 0.54140625 0.04375 0.059375
2 0.253125 0.62109375 0.03125 0.05625
2 0.3 0.6375 0.040625 0.0578125
2 0.5078125 0.19921875 0.0609375 0.1015625
2 0.48125 0.353125 0.0484375 0.0703125
2 0.521875 0.4484375 0.059375 0.0875
2 0.465625 0.45390625 0.0390625 0.06875
2 0.89140625 0.1359375 0.05625 0.1
2 0.8484375 0.290625 0.05 0.084375
2 0.77890625 0.3046875 0.046875 0.0859375
2 0.65234375 0.3203125 0.034375 0.0515625
2 0.6765625 0.2265625 0.03125 0.053125
2 0.825 0.09453125 0.040625 0.0734375
2 0.97890625 0.18828125 0.0421875 0.0671875
2 0.7828125 0.1234375 0.0390625 0.075
2 0.7859375 0.0640625 0.0375 0.0671875
2 0.7640625 0.03515625 0.0421875 0.065625
2 0.525 0.08828125 0.046875 0.0546875
2 0.225 0.21875 0.05 0.0609375
2 0.22734375 0.31171875 0.04375 0.0703125
2 0.34765625 0.68125 0.0359375 0.0625
2 0.4828125 0.696875 0.0328125 0.0421875
2 0.51484375 0.7375 0.028125 0.0625
2 0.42578125 0.846875 0.03125 0.05
2 0.05078125 0.640625 0.05 0.0734375
2 0.0765625 0.83515625 0.0390625 0.0734375
2 0.021875 0.52109375 0.040625 0.0640625
2 0.0671875 0.50390625 0.04375 0.0625
2 0.58046875 0.47265625 0.0296875 0.0609375
2 0.67265625 0.403125 0.0375 0.059375
2 0.30234375 0.84921875 0.028125 0.05
2 0.8390625 0.57734375 0.0265625 0.0375
2 0.83125 0.6234375 0.0203125 0.0375
2 0.88984375 0.603125 0.0265625 0.04375
2 0.846875 0.4953125 0.0265625 0.0453125
2 0.72265625 0.40234375 0.0234375 0.05
2 0.8 0.37890625 0.0296875 0.0484375