2 0.32734375 0.3015625 0.03125 0.0453125
2 0.3578125 0.39296875 0.0296875 0.0515625
2 0.34296875 0.44140625 0.03125 0.053125
2 0.2328125 0.409375 0.0296875 0.0546875
2 0.26640625 0.23984375 0.0328125 0.0484375
2 0.2296875 0.09140625 0.028125 0.05625
2 0.2015625 0.0875 0.03125 0.0578125
2 0.16328125 0.18984375 0.0328125 0.0625
2 0.20703125 0.4078125 0.0265625 0.05625
2 0.0890625 0.3796875 0.0328125 0.05
2 0.115625 0.48046875 0.0328125 0.0546875
2 0.12265625 0.5671875 0.0328125 0.04375
2 0.20078125 0.5703125 0.0296875 0.0484375
2 0.22890625 0.5578125 0.0265625 0.0578125
2 0.36640625 0.65390625 0.0234375 0.0421875
2 0.4984375 0.25390625 0.0234375 0.0546875
2 0.4125 0.25703125 0.0265625 0.0453125
2 0.09375 0.3140625 0.034375 0.0515625
2 0.18984375 0.8 0.0328125 0.046875
2 0.184375 0.6734375 0.028125 0.0515625
2 0.096875 0.65234375 0.0390625 0.0515625
2 0.38359375 0.37890625 0.0265625 0.0609375
2 0.5484375 0.1125 0.0328125 0.05
2 0.51328125 0.16640625 0.0265625 0.0484375
2 0.36015625 0.07109375 0.0171875 0.034375
2 0.13828125 0.0234375 0.04375 0.04375
2 0.2171875 0.8953125 0.0265625 0.040625
2 0.16953125 0.85625 0.025 0.046875
2 0.13984375 0.8015625 0.0296875 0.0515625
2 0.15703125 0.8921875 0.0296875 0.04375
2 0.14921875 0.93515625 0.0296875 0.034375
2 0.18046875 0.93515625 0.021875 0.04375
2 0.47734375 0.8234375 0.03125 0.0453125
2 0.4625 0.85546875 0.0421875 0.0421875
2 0.44921875 0.7765625 0.0265625 0.0390625
2 0.4484375 0.70078125 0.03125 0.034375
2 0.06484375 0.75546875 0.0296875 0.0546875
2 0.16875 0.33125 0.03125 0.03125
2 0.128125 0.2828125 0.0328125 0.0546875
2 0.3421875 0.16484375 0.03125 0.053125
2 0.90390625 0.4359375 0.0265625 0.0359375
2 0.91171875 0.52890625 0.0234375 0.0328125
2 0.965625 0.6328125 0.021875 0.046875
2 0.80390625 0.56171875 0.0265625 0.0359375
2 0.84609375 0.4109375 0.021875 0.0296875
2 0.89375 0.315625 0.0234375 0.03125
2 0.9421875 0.31796875 0.0234375 0.0375
2 0.93515625 0.1015625 0.0296875 0.05
2 0.97734375 0.18828125 0.0296875 0.04375
2 0.98515625 0.12578125 0.0296875 0.05625
2 0.1046875 0.109375 0.0296875 0.053125