2 0.73671875 0.43828125 0.0328125 0.05
2 0.71953125 0.5 0.03125 0.0515625
2 0.69375 0.55625 0.028125 0.0484375
2 0.69765625 0.61328125 0.03125 0.040625
2 0.80390625 0.58984375 0.0203125 0.034375
2 0.8234375 0.48046875 0.021875 0.0421875
2 0.67578125 0.48359375 0.025 0.034375
2 0.71328125 0.65390625 0.028125 0.0390625
2 0.815625 0.64765625 0.025 0.028125
2 0.50546875 0.90546875 0.0234375 0.0375
2 0.53203125 0.928125 0.0234375 0.0390625
2 0.69921875 0.1328125 0.0265625 0.05
2 0.665625 0.1515625 0.0296875 0.0515625