2 0.55625 0.40390625 0.0328125 0.05625
2 0.54765625 0.43203125 0.0296875 0.040625
2 0.62578125 0.66171875 0.0296875 0.0453125
2 0.60234375 0.715625 0.025 0.046875
2 0.58125 0.76640625 0.034375 0.0625
2 0.59765625 0.8609375 0.0265625 0.0421875
2 0.58046875 0.81796875 0.028125 0.040625
2 0.52421875 0.95234375 0.0296875 0.0421875
2 0.5453125 0.9375 0.021875 0.04375
2 0.6875 0.703125 0.021875 0.0390625
2 0.49921875 0.40859375 0.025 0.05
2 0.478125 0.41171875 0.0296875 0.046875
2 0.49453125 0.44375 0.0296875 0.053125
2 0.48671875 0.4875 0.03125 0.0625
2 0.58671875 0.38203125 0.028125 0.0515625
2 0.753125 0.8421875 0.028125 0.04375
2 0.67578125 0.8546875 0.0234375 0.0265625
2 0.671875 0.79921875 0.021875 0.0265625
2 0.2625 0.77421875 0.021875 0.0390625
2 0.23125 0.96484375 0.025 0.0421875
2 0.2609375 0.65390625 0.0265625 0.0375
2 0.2421875 0.60234375 0.0234375 0.034375
2 0.23359375 0.52421875 0.0296875 0.0421875
2 0.1609375 0.4171875 0.0265625 0.0328125
2 0.0671875 0.44765625 0.0328125 0.0421875