2 0.2338541671875 0.85555555625 0.2322916671875 0.8879629625 0.2390625 0.897222221875 0.24583333281250003 0.8981481484374999 0.2557291671875 0.8888888890625 0.25729166718749996 0.865740740625 0.253125 0.852777778125 0.2421875 0.8462962968750001 0.2338541671875 0.85555555625
2 0.44739583281249995 0.26203703749999996 0.4390625 0.3009259265625 0.44635416718750004 0.309259259375 0.45625 0.3101851859375 0.4640625 0.3 0.4635416671875 0.271296296875 0.459375 0.25648148125 0.45208333281249996 0.252777778125 0.44739583281249995 0.26203703749999996
2 0.9260416671874999 0.8925925921875001 0.91875 0.921296296875 0.9192708328125001 0.934259259375 0.9260416671874999 0.9472222218749999 0.9401041671874999 0.9481481484375 0.95 0.934259259375 0.9505208328125001 0.921296296875 0.9447916671875 0.9129629625 0.9322916671874999 0.9055555562500001 0.9260416671874999 0.8925925921875001
2 0.9869791671874999 0.46481481406249997 0.978125 0.4888888890625 0.978125 0.503703703125 0.9807291671874999 0.5138888890625 0.9869791671874999 0.522222221875 0.9973958328125001 0.5259259265625 1 0.5259259265625 0.9994791671875 0.45555555625000005 0.9869791671874999 0.46481481406249997
2 0.2947916671875 0.6 0.2869791671875 0.6101851859375 0.2864583328125 0.6361111109375 0.2927083328125 0.647222221875 0.3078125 0.6481481484375 0.3166666671875 0.6333333328124999 0.3177083328125 0.6166666671875001 0.3145833328125 0.6083333328125 0.3078125 0.6009259265625 0.2947916671875 0.6
2 0.5442708328125 0.5083333328124999 0.5359375 0.4916666671875 0.5338541671875 0.475 0.5244791671875 0.47222222187499996 0.5177083328125 0.4768518515625 0.5135416671875 0.4861111109375 0.5104166671875 0.5 0.5109375 0.5129629625 0.5125 0.522222221875 0.5166666671875 0.527777778125 0.5307291671875001 0.5305555562500001 0.5411458328125 0.5231481484375 0.5442708328125 0.5083333328124999
2 0.18020833281249998 0.5833333328125 0.1734375 0.5879629625 0.1708333328125 0.5962962968750001 0.171875 0.6240740734375 0.18020833281249998 0.6388888890625 0.196875 0.6351851859375001 0.2026041671875 0.6203703703125 0.20052083281250002 0.5898148140624999 0.19479166718750002 0.584259259375 0.18020833281249998 0.5833333328125
2 0.9973958328125001 0.790740740625 0.9927083328125 0.7861111109375 0.9848958328125 0.7851851859375001 0.9703125 0.7888888890625 0.9625 0.7981481484375 0.9630208328125001 0.8194444437499999 0.9666666671874999 0.828703703125 0.9755208328125 0.8351851859374999 0.9880208328125001 0.8351851859374999 0.9963541671874999 0.8240740734375 0.9984375 0.8138888890624999 0.9973958328125001 0.790740740625
2 0.65625 0.8101851859375 0.6416666671875 0.8018518515625 0.6302083328125 0.8018518515625 0.6234375 0.80648148125 0.6203125 0.8166666671874999 0.6197916671875 0.8333333328125001 0.6239583328125 0.847222221875 0.6322916671875001 0.853703703125 0.6421875 0.85555555625 0.6552083328125 0.840740740625 0.6583333328125 0.828703703125 0.65625 0.8101851859375
2 0.615625 0.4046296296875 0.6109375 0.4046296296875 0.603125 0.409259259375 0.5921875 0.43333333281249997 0.5953125 0.46388888906250003 0.603125 0.47407407343749997 0.6192708328125 0.46666666718750005 0.6265625 0.447222221875 0.6255208328124999 0.43055555625 0.6192708328125 0.409259259375 0.615625 0.4046296296875
2 0.9609375 0.4138888890625 0.9536458328125 0.4018518515625 0.9489583328125001 0.4 0.928125 0.41111111093749997 0.9213541671875 0.42129629687500003 0.9239583328125001 0.4361111109375 0.9359375 0.45370370312499997 0.9515625 0.4574074078125 0.959375 0.45 0.9651041671874999 0.4370370375 0.965625 0.42870370312499995 0.9609375 0.4138888890625
2 0.6578125 0.7 0.653125 0.6861111109375 0.6359375 0.6768518515624999 0.6291666671875 0.6796296296875 0.6260416671875 0.6861111109375 0.6223958328125 0.7018518515625 0.621875 0.7240740734375 0.6276041671875 0.7370370375 0.6411458328124999 0.7398148140624999 0.6515625 0.7324074078125 0.65625 0.7240740734375 0.6578125 0.7
2 0.246875 0.546296296875 0.2453125 0.540740740625 0.2375 0.5314814812499999 0.22760416718749998 0.5287037031249999 0.21614583281250002 0.5333333328125 0.20989583281250002 0.5453703703125 0.20729166718749997 0.5675925921875 0.20989583281250002 0.58148148125 0.2140625 0.5870370375 0.23333333281250002 0.5870370375 0.2401041671875 0.58055555625 0.24583333281250003 0.5675925921875 0.246875 0.546296296875
2 0.2427083328125 0.8166666671874999 0.25625 0.8166666671874999 0.2614583328125 0.8120370375 0.26614583281250004 0.8 0.26510416718749996 0.7787037031249999 0.25833333281250004 0.7703703703125 0.2510416671875 0.76944444375 0.23802083281250003 0.7759259265625 0.23125 0.797222221875 0.2244791671875 0.79444444375 0.2166666671875 0.796296296875 0.2114583328125 0.8101851859375 0.21354166718749998 0.8296296296874999 0.2192708328125 0.8351851859374999 0.2296875 0.8333333328125001 0.2427083328125 0.8166666671874999
2 0.55859375 0.146875 0.046875 0.0734375
2 0.453125 0.1515625 0.0390625 0.0578125
2 0.22265625 0.19296875 0.034375 0.053125
2 0.55234375 0.42734375 0.0515625 0.0890625
2 0.4341626578125 0.709758765625 0.4335840984375 0.6960385 0.430691325 0.6898643828125001 0.421627309375 0.68300424375 0.41217758125000004 0.6847192843750001 0.406791390625 0.6901801843750001 0.40465636875 0.7022126171874999 0.40407780937500004 0.7152468671875 0.406006325 0.7251940640625001 0.4094776578125 0.7327402125 0.414106096875 0.737542296875 0.41969879375 0.739943346875 0.426641446875 0.7392573312499999 0.431462734375 0.732054196875 0.4339697953125 0.723136028125 0.4341626578125 0.709758765625
2 0.4364768703125 0.7430304109375 0.4341626578125 0.736170278125 0.43011276406250004 0.7358272640625 0.405813475 0.7406293625 0.40639203593750006 0.7666978609374999 0.40889909687500003 0.7773310734375001 0.4125632796875 0.7824761734375001 0.4185416734375 0.78522025 0.4272199921875 0.7879642734375001 0.432619840625 0.7807611390625 0.4372482796875 0.7728719890625 0.438983946875 0.7636108078125 0.438598234375 0.7516055765625 0.4364768703125 0.7430304109375
2 0.45546875 0.82109375 0.03125 0.0484375
2 0.39921875 0.84609375 0.0390625 0.0609375
2 0.484375 0.69375 0.028125 0.046875
2 0.55625 0.63203125 0.0375 0.0671875
2 0.54296875 0.55234375 0.0390625 0.06875
2 0.3015625 0.72890625 0.0328125 0.0515625