2 0.40703125 0.0984375 0.0375 0.0625
2 0.34140625 0.13984375 0.034375 0.0453125
2 0.2125 0.09375 0.046875 0.0546875
2 0.18046875 0.17109375 0.0375 0.0625
2 0.14765625 0.24296875 0.0328125 0.0609375
2 0.1515625 0.17421875 0.034375 0.065625
2 0.17109375 0.40703125 0.0265625 0.05
2 0.17890625 0.33828125 0.0375 0.04375
2 0.1375 0.34375 0.0328125 0.0421875
2 0.12421875 0.47578125 0.0265625 0.0359375
2 0.06875 0.46875 0.0265625 0.046875
2 0.05 0.42890625 0.0234375 0.03125
2 0.1078125 0.33828125 0.0359375 0.0390625
2 0.1359375 0.6015625 0.0234375 0.040625
2 0.103125 0.56640625 0.025 0.053125
2 0.17421875 0.5140625 0.021875 0.034375
2 0.27890625 0.46875 0.025 0.0375
2 0.28671875 0.4 0.021875 0.0390625
2 0.246875 0.19453125 0.0296875 0.065625
2 0.2140625 0.18671875 0.0265625 0.05
2 0.50234375 0.7484375 0.025 0.046875
2 0.271875 0.5734375 0.0234375 0.0359375
2 0.16953125 0.62578125 0.025 0.0359375
2 0.16953125 0.74296875 0.0234375 0.04375
2 0.14765625 0.73203125 0.0203125 0.04375
2 0.5015625 0.94765625 0.03125 0.053125
2 0.278125 0.2734375 0.021875 0.04375