2 0.34609375 0.58359375 0.0390625 0.065625
2 0.35390625 0.78203125 0.0484375 0.09375
2 0.14375 0.16640625 0.0578125 0.08125
2 0.1078125 0.31171875 0.05 0.078125
2 0.03203125 0.65078125 0.0390625 0.0578125
2 0.496875 0.84375 0.0375 0.075
2 0.45 0.615625 0.0421875 0.05625
2 0.2046875 0.084375 0.075 0.128125
2 0.11796875 0.21015625 0.0625 0.0953125
2 0.01796875 0.13125 0.0359375 0.071875
2 0.41875 0.12734375 0.05 0.0796875
2 0.4515625 0.93046875 0.0453125 0.071875
2 0.2625 0.771875 0.03125 0.0625
2 0.15859375 0.36015625 0.0328125 0.0578125
2 0.0515625 0.4515625 0.034375 0.0546875
2 0.02890625 0.265625 0.05 0.075
2 0.35078125 0.334375 0.03125 0.0453125
2 0.9296875 0.5296875 0.0234375 0.046875
2 0.92734375 0.61484375 0.0265625 0.0484375
2 0.90625 0.54921875 0.021875 0.0359375
2 0.50859375 0.78203125 0.028125 0.053125
2 0.4296875 0.78984375 0.046875 0.071875
2 0.0171875 0.7765625 0.034375 0.0703125
2 0.228125 0.14921875 0.05 0.084375