2 0.07109375 0.39375 0.053125 0.096875
2 0.403125 0.0328125 0.046875 0.0640625
2 0.37265625 0.5984375 0.046875 0.0796875
2 0.60546875 0.22734375 0.0390625 0.065625
2 0.54375 0.403125 0.03125 0.059375
2 0.1734375 0.21796875 0.0421875 0.0734375
2 0.20390625 0.21796875 0.0453125 0.0703125
2 0.34453125 0.309375 0.046875 0.0578125
2 0.30703125 0.0765625 0.0375 0.0671875
2 0.37578125 0.14921875 0.0328125 0.0484375
2 0.36796875 0.1828125 0.0265625 0.040625
2 0.08515625 0.06328125 0.0609375 0.0984375
2 0.053125 0.11328125 0.059375 0.090625
2 0.109375 0.35234375 0.046875 0.0828125
2 0.1109375 0.4171875 0.065625 0.0984375
2 0.25703125 0.4109375 0.053125 0.08125
2 0.025 0.515625 0.04375 0.0671875
2 0.01875 0.6 0.0375 0.071875
2 0.20859375 0.62265625 0.0421875 0.0671875
2 0.04765625 0.73515625 0.046875 0.0734375
2 0.05625 0.853125 0.05625 0.0859375
2 0.14375 0.9703125 0.04375 0.059375
2 0.046875 0.92109375 0.0546875 0.1015625
2 0.02265625 0.96328125 0.0453125 0.0734375
2 0.21640625 0.04453125 0.0421875 0.065625
2 0.33125 0.484375 0.0421875 0.075
2 0.3421875 0.57265625 0.04375 0.065625
2 0.3515625 0.6640625 0.034375 0.0671875
2 0.16953125 0.8359375 0.0484375 0.0796875
2 0.2046875 0.8125 0.0453125 0.0640625
2 0.44453125 0.4140625 0.0375 0.0640625
2 0.409375 0.57578125 0.053125 0.0765625
2 0.35546875 0.90078125 0.0328125 0.05625
2 0.384375 0.9171875 0.03125 0.06875
2 0.59140625 0.27890625 0.0359375 0.0671875