2 0.20234375 0.75859375 0.046875 0.0625
2 0.15859375 0.88203125 0.05625 0.0859375
2 0.340625 0.5265625 0.0390625 0.059375
2 0.375 0.96953125 0.05 0.0609375
2 0.2 0.2171875 0.0484375 0.0828125
2 0.26328125 0.43828125 0.0375 0.05625
2 0.203125 0.46875 0.0453125 0.0625
2 0.20859375 0.55625 0.0421875 0.0515625
2 0.425 0.303125 0.0484375 0.096875
2 0.7609375 0.4921875 0.03125 0.065625
2 0.76953125 0.7953125 0.0375 0.0734375
2 0.77109375 0.9390625 0.0484375 0.0703125
2 0.85546875 0.75078125 0.0375 0.0625
2 0.8796875 0.89140625 0.034375 0.0734375
2 0.96640625 0.425 0.0296875 0.0578125