2 0.4010416671875 0.27870370312500004 0.3973958328125 0.2666666671875 0.390625 0.25833333281250004 0.3776041671875 0.25555555625 0.3651041671875 0.2638888890625 0.359375 0.2824074078125 0.3578125 0.30555555624999997 0.3609375 0.3166666671875 0.36666666718749996 0.3231481484375 0.3880208328125 0.321296296875 0.3953125 0.3148148140625 0.4010416671875 0.303703703125 0.4010416671875 0.27870370312500004
2 0.4125 0.18125 0.0484375 0.0796875
2 0.525 0.059375 0.053125 0.08125
2 0.5375 0.128125 0.0625 0.09375
2 0.503125 0.215625 0.0421875 0.078125
2 0.475 0.2484375 0.053125 0.075
2 0.40546875 0.34140625 0.0609375 0.075
2 0.34140625 0.29140625 0.046875 0.0953125
2 0.35859375 0.23515625 0.046875 0.0765625
2 0.359375 0.37109375 0.0453125 0.05625
2 0.01953125 0.284375 0.0390625 0.121875
2 0.04453125 0.2890625 0.04375 0.1015625
2 0.13046875 0.31875 0.0453125 0.071875
2 0.1875 0.14296875 0.0375 0.0765625
2 0.32109375 0.15859375 0.046875 0.0890625
2 0.41015625 0.0515625 0.04375 0.0796875
2 0.45390625 0.03046875 0.0609375 0.0609375
2 0.25703125 0.4234375 0.0359375 0.059375
2 0.23671875 0.3734375 0.040625 0.065625
2 0.16171875 0.525 0.040625 0.0640625
2 0.25 0.5265625 0.0375 0.0578125
2 0.4921875 0.4625 0.0296875 0.0671875
2 0.3375 0.55625 0.034375 0.034375
2 0.35859375 0.63984375 0.0234375 0.05625
2 0.3359375 0.659375 0.0296875 0.05
2 0.975 0.296875 0.0265625 0.0421875
2 0.878125 0.68125 0.0265625 0.0328125
2 0.140625 0.95 0.0421875 0.0625
2 0.13359375 0.84375 0.028125 0.0484375
2 0.12265625 0.67890625 0.0234375 0.0421875