2 0.15859375 0.29609375 0.034375 0.075
2 0.2609375 0.41875 0.0359375 0.0578125
2 0.3625 0.38046875 0.034375 0.0703125
2 0.36875 0.234375 0.0421875 0.075
2 0.32890625 0.19921875 0.0421875 0.0625
2 0.2875 0.3421875 0.0453125 0.05625
2 0.2984375 0.46640625 0.0390625 0.059375
2 0.3796875 0.30234375 0.05 0.0796875
2 0.4109375 0.1625 0.0515625 0.0734375
2 0.33515625 0.14296875 0.040625 0.0703125
2 0.24140625 0.5125 0.03125 0.0546875
2 0.228125 0.6140625 0.0359375 0.05
2 0.38203125 0.7359375 0.025 0.04375
2 0.1890625 0.5265625 0.025 0.04375
2 0.13671875 0.42734375 0.0359375 0.053125
2 0.0125 0.3953125 0.0234375 0.078125
2 0.16875 0.71640625 0.021875 0.0359375
2 0.16640625 0.85234375 0.025 0.0359375
2 0.45 0.2734375 0.0328125 0.05625
2 0.39375 0.853125 0.034375 0.05625
2 0.49296875 0.86640625 0.021875 0.0484375
2 0.4828125 0.9078125 0.025 0.0515625
2 0.16328125 0.9484375 0.0328125 0.0484375
2 0.0890625 0.87578125 0.0375 0.0421875
2 0.0421875 0.621875 0.03125 0.0515625
2 0.1640625 0.6015625 0.0328125 0.046875
2 0.29453125 0.2265625 0.0375 0.059375
2 0.478125 0.26484375 0.034375 0.0671875
2 0.4296875 0.07890625 0.046875 0.0875
2 0.8703125 0.30078125 0.0265625 0.05
2 0.85859375 0.3984375 0.0234375 0.040625
2 0.76171875 0.575 0.0171875 0.0359375
2 0.86953125 0.5390625 0.0203125 0.0421875
2 0.96640625 0.4765625 0.025 0.040625
2 0.2484375 0.36484375 0.034375 0.0546875
2 0.46796875 0.93203125 0.0265625 0.040625
2 0.44296875 0.84921875 0.0296875 0.0453125