2 0.89453125 0.31171875 0.0140625 0.03125
2 0.921875 0.30234375 0.0203125 0.025
2 0.834375 0.39296875 0.0171875 0.03125
2 0.9078125 0.31484375 0.015625 0.028125
2 0.85859375 0.14609375 0.0171875 0.025
2 0.83203125 0.128125 0.01875 0.0265625
2 0.80703125 0.328125 0.0140625 0.03125
2 0.921875 0.4625 0.015625 0.0203125
2 0.91328125 0.43125 0.0140625 0.0203125
2 0.8078125 0.353125 0.0171875 0.0234375
2 0.70234375 0.203125 0.015625 0.0234375
2 0.9140625 0.23828125 0.0125 0.0265625
2 0.95078125 0.43046875 0.0125 0.021875
2 0.84453125 0.45859375 0.015625 0.0265625
2 0.8609375 0.43359375 0.0140625 0.0203125
2 0.78984375 0.3671875 0.0140625 0.021875
2 0.7109375 0.4234375 0.0140625 0.01875
2 0.8015625 0.11796875 0.015625 0.021875
2 0.69140625 0.30859375 0.0171875 0.028125