2 0.28203125 0.50859375 0.04375 0.0625
2 0.36015625 0.51640625 0.0421875 0.065625
2 0.33515625 0.54609375 0.0296875 0.0546875
2 0.4578125 0.584375 0.0453125 0.075
2 0.346875 0.6546875 0.053125 0.0671875
2 0.36484375 0.7828125 0.0453125 0.059375
2 0.1234375 0.56484375 0.04375 0.059375
2 0.10625 0.52890625 0.0296875 0.05625
2 0.17265625 0.5828125 0.0375 0.059375
2 0.56796875 0.18046875 0.046875 0.0953125
2 0.49765625 0.09921875 0.0375 0.078125
2 0.59453125 0.3140625 0.04375 0.059375
2 0.528125 0.30078125 0.0390625 0.06875
2 0.4765625 0.2578125 0.0296875 0.0609375
2 0.50234375 0.2859375 0.028125 0.0671875
2 0.39609375 0.27265625 0.040625 0.0765625
2 0.43359375 0.22265625 0.028125 0.0609375
2 0.384375 0.03984375 0.0390625 0.0546875
2 0.4078125 0.08984375 0.0390625 0.08125
2 0.4359375 0.07890625 0.0328125 0.078125
2 0.29453125 0.35 0.05 0.0609375
2 0.275 0.38984375 0.0453125 0.05625
2 0.27734375 0.45390625 0.0546875 0.0796875
2 0.04609375 0.26796875 0.0296875 0.0484375
2 0.61640625 0.23125 0.0515625 0.0609375
2 0.39375 0.8875 0.04375 0.0609375