2 0.12265625 0.4546875 0.05625 0.0765625
2 0.10390625 0.6109375 0.0453125 0.05625
2 0.0984375 0.7015625 0.0421875 0.0546875
2 0.178125 0.7171875 0.0328125 0.0484375
2 0.2125 0.83515625 0.0296875 0.046875
2 0.21171875 0.89765625 0.0359375 0.0484375
2 0.29453125 0.71171875 0.0328125 0.0546875
2 0.646875 0.4453125 0.0265625 0.0546875
2 0.6203125 0.45 0.0328125 0.0546875
2 0.76484375 0.73515625 0.0203125 0.03125
2 0.840625 0.68359375 0.0265625 0.03125
2 0.8484375 0.56875 0.021875 0.0421875
2 0.73828125 0.48125 0.0203125 0.03125
2 0.74453125 0.4515625 0.0171875 0.0265625
2 0.7359375 0.33359375 0.015625 0.021875
2 0.634375 0.73125 0.028125 0.04375
2 0.8734375 0.3703125 0.01875 0.025
2 0.8328125 0.3203125 0.0171875 0.0328125
2 0.8 0.29296875 0.0234375 0.040625
2 0.29296875 0.37734375 0.040625 0.0515625
2 0.771875 0.7828125 0.0203125 0.0359375
2 0.784375 0.57578125 0.01875 0.025